9.019988761768653607e-01
2.374255045115539753e-01
5.319270376090059343e-03
4.591099701522005083e-01
5.441190506283889450e-01
3.971300246220672847e-02
2.101152937833436485e-02
3.847547701209518695e-02
7.014265226228847405e-01
6.201255263591765043e-01
7.468243192615686699e-01
4.185609363808959760e-01
2.884742786900494974e-02
6.511895281023637183e-02
2.112508572880463231e-01
4.317140938787142335e-02
6.997303555210321151e-03
1.639265052232903863e-01
1.004396330454057629e-02
4.490066336909708800e-01
9.025681653887157596e-01
7.917412590151914342e-01
4.200725013132226848e-02
6.670180346972492957e-01
1.632594152577622471e-01
1.724320121289273644e-01
6.754333817046449806e-02
5.000000000000000000e-01
4.057182470412305786e-02
3.912113663431883159e-01
4.120032685404605849e-02
4.546140418752154244e-01
4.631943739511370506e-01
7.134003741523800568e-02
2.834021595812378780e-01
2.376132890020621682e-02
2.245334453274685504e-01
3.857549996013292515e-01
7.859472705971752848e-01
6.551882939192558153e-01
3.933742526715058863e-02
8.243157052507428181e-03
2.001784831933807463e-01
2.102714497176319530e-02
9.205736461545146465e-01
1.060612362564189864e-01
6.700793501585059486e-01
2.309963388180802935e-01
3.448364569992421087e-03
4.057182470412305786e-02
8.948184129838236689e-02
6.785706108763617239e-02
6.666582572843414711e-01
9.046855489193099675e-01
1.386503121426536367e-01
2.798832339815160442e-01
1.495120216779405875e-01
8.851424198891327238e-06
9.199597907695309384e-01
4.422227691678342135e-03
1.618911236069394410e-01
4.168379143799206404e-02
8.948184129838236689e-02
7.084639795757304015e-02
1.538554726999791511e-01
2.162680418420866255e-03
1.352796551999896901e-01
9.372831173398230575e-01
4.710662406424499793e-02
3.647998200113790335e-02
5.000000000000000000e-01
5.000000000000000000e-01
2.473920377138474624e-01
1.207076990680203549e-01
3.752241134570378778e-01
1.194036839595751381e-01
3.916811199473596572e-01
1.192990517499110947e-02
4.182130116811936249e-01
7.333423678429143999e-01
1.227446290159702885e-01
1.011443047284933533e-01
2.979742994219288302e-02
2.749145689803594861e-01
1.674335448555095134e-04
5.092384175034356253e-02
3.946709852029950949e-01
1.324283154654090633e-01
1.714719335792772303e-01
7.007208838229456171e-01
1.386503121426536367e-01
1.834905754619346892e-04
2.062167028904960397e-01
3.687907871117270149e-03
5.314139420906494049e-01
6.175213979787861013e-04
5.958428235339957579e-02
1.060404246128002492e-01
1.310048419143065856e-01
9.126232018018969327e-01
9.978813989501910120e-01
9.562749500639217137e-01
6.959698817310295826e-01
9.078449943270258116e-01
3.063771555884123310e-02
9.948947875411613406e-01
9.299799937106335568e-01
9.765167660138588390e-01
8.129496471560478943e-01
8.639150507092054898e-01
7.725532376851810268e-01
2.221945762477982311e-01
9.752506674184127089e-01
3.991980106281214913e-01
5.771564281300254340e-01
9.911531265060159468e-01
8.398200725731953531e-01
9.708172836563866426e-01
4.956518507507062798e-01
5.958185040132230048e-01
2.017541375580544361e-01
9.859163259661904988e-01
2.467530064754855923e-01
9.912180210665286761e-01
9.903513643958671286e-01
9.974583084108029629e-01
8.098358664885517699e-01
8.786936284536427388e-01
9.999866289803159836e-01
6.466380646840206303e-01
9.989662404232239057e-01
9.366021669572401898e-01
4.123709561496944898e-01
9.920506654913033850e-01
9.920401810499690498e-01
3.626370638428301763e-01
7.082304805591066454e-01
9.400937879916710926e-01
9.402061128906474829e-01
9.428439296148909410e-01
9.851925814809826543e-01
1.307794563711736080e-01
6.866964142965260587e-01
9.992437447278458285e-01
9.570495331104742487e-01
7.551187938600645300e-01
2.226800615487432855e-01
3.290399207609167043e-01
9.998367106579656438e-01
9.965445113523079268e-01
9.999921610030509944e-01
9.997042692046987922e-01
7.000097018462512199e-01
7.587811855353081558e-01
7.836338495444953312e-01
3.362809005444203914e-01
9.372831173398230575e-01
9.777377046993140919e-01
9.990621409324830227e-01
9.081740253248999917e-01
8.199046314526077239e-01
9.521521497364825448e-01
9.542992829105735320e-01
9.940653287114614711e-01
9.991074326994751065e-01
8.224199431541773242e-01
7.686286330393607980e-01
1.891003470620070404e-01
7.134125169345723050e-01
5.582083112016293924e-01
3.560024794687527971e-01
7.943761057960528893e-01
7.943761057960528893e-01
6.557307872257679415e-01
1.195617229540097137e-01
9.995467011184752115e-01
9.871653025738921228e-01
5.436334417923558426e-01
9.976055872969054050e-01
5.415255365448916614e-01
9.078449943270258116e-01
6.495773216069962164e-01
8.848386514759617461e-01
9.703204641821978615e-01
9.877778720336555240e-01
9.588271843485345336e-01
9.935488999850203840e-01
9.977849434550185581e-01
9.987764128899858651e-01
9.364730884817384915e-01
8.648186970168582066e-01
7.404980427554266331e-01
5.132814466385742236e-01
9.991646080589405843e-01
8.594637738232848712e-01
8.763364738119771014e-01
3.527286262151149154e-01
9.210559909096882603e-01
6.030976308420753496e-01
9.755347125130582331e-01
3.019939842756421897e-02
1.128466281714981569e-02
5.009583497115141330e-03
4.500968404730470440e-01
7.126089197230040190e-04
2.624262207788028919e-02
1.584424515873927635e-05
6.156486380075520341e-05
6.243747735530911364e-02
9.540091432945860261e-02
3.804372150881997483e-02
2.052198777687366441e-05
6.889293682084970394e-01
1.580870686200612218e-01
6.014114920054606239e-01
2.483516567831996757e-01
8.485823812825084023e-01
5.613582484868772093e-01
2.911318921271444649e-01
5.654740553282413922e-03
5.557761313415818250e-02
5.561571258001008627e-02
8.649534460519475720e-01
1.124330498033758174e-01
6.397521547726467417e-02
1.123383114477111283e-01
4.170579474927433097e-04
1.421579159777780488e-01
2.403445612026793021e-01
8.342754899385328160e-02
6.940808970057594784e-01
1.807707458345645052e-03
9.371863246520040214e-01
1.466292014042940850e-01
1.173925898869286333e-01
5.786794982492523415e-02
3.683509958221402791e-04
9.592684916966061348e-02
2.467530064754855923e-01
2.056384383494096191e-02
4.513640065758458414e-02
1.304066839844842708e-02
1.495239511641454633e-01
7.519841993638195034e-09
6.691652188033784254e-01
5.186667547578299492e-05
2.898421035978038240e-02
1.137579020503625760e-05
2.689222590313754702e-03
3.638862812687490011e-01
3.256484249044338530e-01
3.538246313769183304e-01
3.275798209574468101e-01
2.974858627144624096e-02
6.918481916033407675e-01
4.926486182787593454e-02
2.212965150816761095e-01
8.807482825751826450e-02
7.939653277909523160e-03
6.262915637445466421e-01
1.618911236069394410e-01
5.667001244467609333e-02
1.944015264675849064e-01
2.726135041151477034e-02
5.172764914791109364e-02
1.515955784149357333e-01
9.620297912313537092e-03
2.940439214087138889e-02
3.011500446921930497e-05
2.525283173159815209e-01
4.777507868516346623e-02
3.440162524239932518e-01
7.311997306033910515e-01
1.588160263789939811e-02
7.558439575878052319e-02
2.437139136226454950e-01
3.578168877107186230e-01
1.903855274581550960e-01
3.069708737065515169e-01
1.721510879360083068e-02
6.060085682092898329e-01
1.625557059487150735e-01
3.294794831888139264e-01
1.601494565644634160e-01
1.658469152452434758e-01
8.423406982780418106e-02
7.583892700212264693e-01
5.419556704670397407e-02
7.027363479182337225e-02
5.730414851038621027e-01
5.338512708627007886e-03
1.232721468350129052e-01
7.429760084879638571e-03
7.311384571120043384e-03
1.966956040653907445e-01
3.551346187071219122e-03
1.145147148371459872e-03
2.796523299777018412e-01
4.665260878579333692e-01
6.788637919732467552e-01
9.165934469563954412e-01
9.601360247427220829e-01
8.729788045288970899e-01
9.700341209219510707e-01
6.729285735337133811e-01
7.500498525480600032e-01
3.871622338357195714e-01
1.942092666496346987e-01
2.432376025403467923e-01
2.373021317144380707e-02
8.840722113749014399e-01
8.836298748005299020e-01
7.234868517899772922e-01
7.199938222119317555e-01
7.535828762829405170e-02
8.283098269193391872e-01
2.792036120295571799e-01
9.661515620743610366e-01
9.106627532327942198e-01
9.577984023333249164e-01
9.897765358084023024e-01
9.652444451075546938e-01
8.230470686822611848e-01
8.958952205631841581e-01
8.418907781240260180e-01
9.954829958115162247e-01
9.958083340711474385e-01
9.565236604382733043e-01
9.995244996033151308e-01
6.402487580282399948e-01
6.820810635608250128e-02
7.301562032431513360e-01
9.205702680684589856e-01
8.799968480764098766e-01
8.374247398222992578e-01
9.999854511235289900e-01
9.585388050241453461e-01
9.490888357926230423e-01
5.582151327721718292e-01
9.046855489193099675e-01
9.307105755386494428e-01
9.047853861335644066e-01
9.502499142231455309e-01
2.669078042321541555e-01
9.596742967714932959e-01
9.576091216665727490e-01
1.345479173291408703e-01
8.438760073397023609e-01
5.079992814547899804e-02
7.382089396700236561e-01
9.437895018173666495e-01
4.456990724581718077e-01
9.464635033440838008e-01
7.615619440845099453e-01
9.773954825334802976e-01
7.632854161516174074e-02
9.755154973903641391e-01
9.980580715871595343e-01
9.977857164289256620e-01
9.697472896766601291e-01
1.779974204130227722e-01
9.896494928543364544e-01
2.016805540860629742e-01
3.177890527355739514e-01
8.973099075224549859e-01
9.827626907017591451e-01
9.867988851196288769e-01
9.853928407899020803e-01
7.330861997554714016e-01
8.528301943482529124e-01
2.810247544086070040e-02
9.462875264284397181e-01
8.536930916448431939e-01
8.335208806437999218e-01
5.000000000000000000e-01
9.588130183609507862e-01
8.607645328563692244e-01
6.527951862010160644e-01
1.864638470653669500e-01
6.493065053527631303e-01
5.591571795359130403e-01
9.776628102103926965e-01
6.831639220314411620e-01
9.989098401053037035e-01
8.515072891894166496e-01
9.820562878265181039e-01
3.052783394595724453e-01
3.294794831888139264e-01
8.085785694122996636e-01
9.835251938744170586e-01
1.618911236069388582e-01
3.556255020891823659e-01
9.978232790869084878e-01
3.969312775052234454e-01
9.580927571807357213e-01
9.408368646668608948e-01
5.649677302431737047e-01
7.806727545374164690e-01
6.667606672721628769e-01
9.940997451357294068e-01
9.083601659188417221e-02
7.981766693702871951e-01
5.279498735385185215e-02
3.441315390522994289e-01
8.835308235837434354e-02
5.000000000000000000e-01
7.502079291524431370e-02
1.715709862405338515e-01
2.602099517999315048e-01
1.955198809364875334e-01
2.435344910796151674e-01
2.873797270364516349e-03
5.694180773303057080e-02
2.221774515085334356e-01
2.375294648191515409e-02
3.767929340691426182e-02
1.642649522120406269e-01
5.116919670584196139e-02
4.723665804862927642e-01
1.714614794830297551e-01
5.070168739513970513e-01
5.861825150827741915e-01
1.428910195205802813e-01
5.860685097465758719e-01
4.487617265750375450e-01
2.013547067771976895e-01
1.820883484100924155e-01
4.243173020838856280e-01
1.333870207961409537e-01
9.821383590991148438e-01
5.352194477079899038e-01
3.560024794687527971e-01
6.526735950252602336e-01
4.242822163393511481e-01
6.627904087464285832e-01
5.039459369875867178e-01
2.941750825967497929e-01
6.809225598288651260e-02
4.308610543727981954e-03
6.304568168291244668e-01
6.118716280358724689e-03
4.858816676341123353e-01
6.147633419411485146e-03
1.637265491800802067e-02
3.997666365943962352e-02
4.956518507507058913e-01
6.786944838995333518e-01
7.830256313831815973e-01
4.870913602600483450e-01
3.790138143353282696e-01
2.898215855485429815e-01
3.226410984278396676e-01
5.951153036152944525e-02
1.972371211236586923e-03
2.497448695656326670e-02
2.736208563061180987e-01
1.300601629457934505e-01
5.695895283583783664e-02
1.234501677431125433e-02
3.359562626179065092e-01
7.359502580608761127e-03
5.941739657201677155e-02
3.931862179226776055e-01
8.425971568748721330e-01
6.325764803665888392e-03
9.586349950201134007e-01
6.420454649259816904e-01
2.115312692330282573e-01
4.572189305161147854e-01
2.020607539956311705e-01
1.294583180023798664e-02
2.229809774509455833e-01
4.173012833914155340e-01
1.167110611576771401e-01
5.505843994243692086e-01
3.471527371318206545e-01
1.325354319610158316e-01
4.991527652589948238e-01
6.563090156465718750e-02
4.956518507507062798e-01
2.054896846710910869e-04
3.127365248166768530e-01
3.886280154256040453e-01
1.203483315540777518e-02
1.533242935161026888e-01
7.015607496477201110e-02
2.946105011259175527e-03
1.246599881883196509e-01
3.836295009661760957e-02
7.490631617633278228e-02
6.855379564890559108e-01
1.802100175453202197e-02
6.983713875827363138e-01
6.513351473001245395e-01
7.363330072864116005e-02
3.548492861612990712e-01
1.780869373169814739e-03
1.346928539629264725e-02
1.982330150278980574e-01
4.423524936900671278e-01
9.996464401067194361e-01
9.061748234071892449e-01
7.917412590151914342e-01
3.495023411846384653e-01
7.646016377964852673e-01
5.518463829523042596e-01
9.709069872096106613e-01
2.205082421630013834e-01
9.834621237437570773e-01
4.791288377530957820e-01
9.785221637192524913e-01
9.962645143454919028e-01
7.803549611742074399e-01
8.846165765147872007e-01
4.182866486877911960e-01
5.475208555559561985e-01
9.907894658709770486e-01
9.285258707591478311e-01
6.388539981265435319e-01
8.649893345853628679e-01
6.348314711449002390e-01
9.930271420454984677e-01
9.838915032225126200e-01
3.220692118792055081e-01
9.701277805593367942e-01
9.919395814093310282e-01
4.084393118606105544e-02
9.317470496196161855e-01
8.638157176331237030e-01
9.999987614101965017e-01
2.519439929935808897e-01
9.568554628788701333e-01
5.219022115240674609e-01
9.819339299111623509e-01
5.477317031186165752e-02
6.481800055913035097e-01
3.081611901884971916e-01
3.256484249044338530e-01
7.527060866755651558e-01
9.900469409610265226e-01
2.533560961869689709e-01
8.480411149546044358e-01
9.968279053483922736e-01
8.819687845681261074e-01
9.901711813068169166e-01
9.006873394153699364e-01
9.777746565967820880e-01
9.004193252429412153e-01
9.442128206510167487e-01
9.999874462090619920e-01
7.143421664668554438e-01
4.461103322094586363e-03
9.878493216802736177e-01
9.570646875344996918e-01
5.160713971687259649e-01
9.884818873513203652e-01
9.435247607157716265e-01
9.659848011417092595e-01
5.275570028594113170e-01
3.520249324212317288e-01
6.252579383326415385e-01
9.491673346468197936e-01
9.997585718234276442e-01
8.882355319534464000e-01
9.993324816059619975e-01
9.435008915473676039e-01
9.291134909586822310e-01
8.952766236364330110e-01
9.983890662827602513e-01
5.958185040132230048e-01
5.724175929906575311e-01
5.285313489538818743e-01
2.301425741940795744e-01
1.060612362564197358e-01
5.000000000000000000e-01
3.491965492016412265e-01
9.992201210454983995e-01
9.487405491378280153e-01
8.865103723777698619e-01
9.586426316953114979e-01
9.586805216404352681e-01
5.802050094976368699e-01
9.745581650622389125e-01
5.671638617492907875e-01
9.703002823875332972e-01
9.975198786769132742e-01
9.649034653491934677e-01
7.917412590151914342e-01
9.681102286278772118e-01
5.145611888118796218e-01
4.645028544549508198e-01
7.674501058468867765e-01
9.730390442225331782e-01
8.026766380511244359e-01
9.491673346468197936e-01
9.967418759706782039e-01
7.762995025943750793e-01
9.531270703035960024e-01
9.993436780008467801e-01
9.127845486859347268e-01
