3.835265151515152016e-01
3.391547619047619033e-01
1.385681818181818126e-01
8.709848484848485839e-01
4.911130952380952652e-01
1.247732683982683694e-01
1.248994477744477111e-01
2.428344017094017093e-01
3.300000000000000155e-01
4.338181818181818805e-01
3.680833333333333179e-01
4.000000000000000222e-01
1.900000000000000022e-01
3.850000000000000089e-01
2.267307969807969559e-01
8.150000000000000300e-02
2.999999999999999889e-02
0.000000000000000000e+00
2.268333333333333313e-01
2.388601953601953432e-01
2.821571067821067036e-01
5.524880952380951671e-01
7.497619047619047405e-02
4.968333333333333490e-01
1.097257464757464412e-01
2.478888888888888808e-01
4.416666666666666657e-02
2.729272116772117895e-01
3.500000000000000333e-02
4.650000000000000244e-01
7.370932539682540918e-01
5.299999999999999850e-02
1.373749999999999694e-01
5.500000000000000028e-02
2.153520091020091343e-01
1.199999999999999956e-01
4.647499999999999964e-01
2.195277777777777939e-01
5.674880952380952914e-01
6.064713064713065371e-01
4.999999999999999237e-03
3.500000000000000333e-02
3.599999999999999867e-01
1.730535714285713900e-01
4.694848484848485048e-01
1.587507076257075322e-01
6.188585581085580545e-01
2.429999999999999938e-01
3.500000000000000333e-02
3.500000000000000333e-02
8.878155178155175409e-02
4.881618381618382102e-02
9.100000000000000311e-01
8.897732683982685353e-01
2.283453213453213171e-01
1.701267898767898634e-01
8.666666666666665575e-02
0.000000000000000000e+00
6.062426046176045968e-01
4.499999999999999833e-02
1.082036435786435657e-01
3.940025252525252708e-01
8.878155178155175409e-02
2.249999999999999917e-02
3.632341269841270481e-01
5.000000000000000104e-03
8.142857142857141961e-02
5.864166666666666972e-01
8.307792207792207007e-02
9.500000000000000111e-02
2.729272116772117895e-01
2.729272116772117895e-01
1.224999999999999978e-01
2.899999999999999800e-01
3.650637556887558199e-01
1.469309995559994475e-01
3.147042679542679799e-01
2.000000000000000042e-02
3.449999999999999734e-01
5.406024531024530289e-01
5.325900488400489574e-02
2.076785714285714346e-01
8.999999999999999667e-02
2.949999999999999845e-01
1.499999999999999944e-02
7.428373015873016016e-02
1.150000000000000050e-01
4.375000000000000000e-01
1.166666666666666546e-02
2.582408008658008680e-01
1.071765873015872866e-01
9.099999999999999756e-02
4.550000000000000155e-01
9.960317460317461014e-03
4.839166666666666616e-01
2.595092407592407627e-02
1.427083333333333259e-01
1.100000000000000006e-01
2.662614607614607887e-01
6.099999999999999867e-01
9.456547619047619424e-01
7.711388888888889293e-01
2.461002747252747369e-01
9.899999999999999911e-01
2.016666666666666885e-01
9.849999999999999867e-01
9.200000000000000400e-01
9.499999999999999556e-01
5.099435286935287692e-01
4.799999999999999822e-01
8.349999999999999645e-01
2.550000000000000044e-01
9.899999999999999911e-01
2.901031746031746406e-01
9.228598484848484773e-01
7.299999999999999822e-01
7.004285714285714004e-01
9.499999999999999556e-01
3.716176878676879514e-01
2.645852203352204168e-01
8.999999999999999667e-02
8.349999999999999645e-01
1.006610750360749790e-01
9.649999999999999689e-01
9.849999999999999867e-01
9.799999999999999822e-01
8.417236513486511251e-01
9.766666666666665719e-01
9.699999999999999734e-01
1.343793290043290012e-01
9.599999999999999645e-01
7.108333333333334281e-01
7.741666666666666696e-01
9.525000000000000133e-01
8.399999999999999689e-01
1.480129870129869574e-01
4.758333333333333304e-01
9.250000000000000444e-01
9.385672660672658152e-01
8.850000000000000089e-01
9.499999999999999556e-01
5.324999999999999734e-01
6.089285714285714857e-01
9.649999999999999689e-01
9.699999999999999734e-01
9.000000000000000222e-01
1.354660755910755410e-01
5.000000000000000000e-01
9.949999999999999956e-01
9.527947330447331664e-01
9.150000000000000355e-01
8.759999999999997788e-01
6.166666666666666963e-01
7.700000000000000178e-01
3.919154040404040917e-01
2.614285714285713991e-01
5.562380952380951982e-01
9.949999999999999956e-01
9.449999999999999512e-01
8.750000000000000000e-01
5.579166666666667274e-01
6.220656565656569326e-01
8.089583333333334458e-01
7.700000000000000178e-01
7.249999999999999778e-01
5.999999999999999778e-01
8.599999999999999867e-01
1.534638278388277821e-01
5.777380952380951618e-01
4.411111111111111205e-01
1.844241452991453034e-01
3.146865911865913135e-01
4.859042069042070477e-01
6.149999999999999911e-01
4.249999999999999889e-01
9.499999999999999556e-01
4.743749999999999911e-01
1.994074675324674917e-01
8.399999999999999689e-01
8.299999999999999600e-01
9.949999999999999956e-01
6.045681818181818379e-01
5.399999999999998135e-01
9.649999999999999689e-01
9.599999999999999645e-01
8.850000000000000089e-01
9.899999999999999911e-01
6.700000000000000400e-01
7.700000000000000178e-01
9.494722222222223840e-01
9.000000000000000222e-01
7.101313131313132798e-01
2.600000000000000089e-01
9.849999999999999867e-01
8.422222222222223165e-01
9.100833333333332442e-01
4.447090548340548177e-01
7.847301587301588333e-01
2.650000000000000133e-01
9.484523809523808247e-01
2.000000000000000042e-02
1.250000000000000000e-01
2.000000000000000111e-01
3.348102453102452802e-01
2.286111111111111330e-02
2.449999999999999956e-01
4.499999999999999833e-02
2.500000000000000139e-02
8.500000000000000611e-02
3.257676767676768725e-01
2.486978576978577105e-01
1.000000000000000021e-02
4.316786546786549605e-01
5.516666666666666385e-01
6.005555555555556202e-01
1.552372904872904580e-01
6.329047619047617479e-01
3.581805555555556131e-01
2.342400793650793456e-01
1.549999999999999989e-01
2.000000000000000111e-01
4.499999999999999833e-02
7.722499999999999920e-01
3.792423271173271937e-01
9.500000000000000111e-02
4.050000000000000266e-01
2.500000000000000139e-02
1.950000000000000067e-01
2.394093545343544960e-01
1.800000000000000211e-02
5.400000000000000355e-01
1.183463203463202967e-01
9.499999999999999556e-01
2.149999999999999967e-01
2.551785714285714213e-01
3.809523809523809521e-03
3.500000000000000333e-02
3.491666666666667362e-01
2.537962592962593744e-01
1.549999999999999989e-01
2.000000000000000042e-02
0.000000000000000000e+00
4.839880952380951618e-01
1.799999999999999933e-01
5.484047619047618394e-01
3.549999999999999822e-01
1.643897907647906831e-01
1.049999999999999961e-01
1.000000000000000021e-03
2.023241341991341702e-01
3.261902958152960164e-01
8.950000000000000178e-01
5.613048340548340009e-01
3.084595959595959336e-02
3.479999999999999760e-01
6.500000000000000222e-02
2.350800865800865558e-01
4.992658730158730518e-02
2.596666666666667123e-01
6.676666666666668526e-01
2.287968975468974986e-01
4.981547619047619474e-02
2.700364219114219089e-01
1.400000000000000133e-01
2.000000000000000042e-02
2.150715256965256006e-01
5.500000000000000028e-02
7.499999999999999722e-02
1.000000000000000021e-02
1.960384199134198591e-01
1.000000000000000021e-02
5.799999999999999600e-01
7.399999999999999911e-01
1.199999999999999956e-01
2.700000000000000178e-01
1.150000000000000050e-01
4.356754911754912030e-01
4.650000000000000244e-01
2.614998196248196072e-01
1.000000000000000056e-01
8.499999999999999778e-01
9.675992063492061535e-02
1.859770091020090943e-01
5.949999999999999734e-01
1.650000000000000078e-01
2.934595959595959550e-02
7.971309523809523290e-01
2.999999999999999889e-01
8.750992063492063489e-02
9.800000000000000377e-02
1.350000000000000089e-01
1.219693223443223395e-01
2.049999999999999739e-02
1.000000000000000021e-02
5.533452380952381677e-01
9.124999999999999431e-03
1.453253968253968020e-01
1.112431318681318393e-01
2.498241341991342401e-01
2.200000000000000011e-01
6.969642857142857029e-01
2.096136363636363631e-01
9.699999999999999734e-01
8.100000000000000533e-01
6.888333333333334085e-01
7.368333333333332291e-01
1.400000000000000133e-01
3.380936008436008500e-01
1.250000000000000000e-01
2.600000000000000089e-01
3.099999999999999978e-01
3.150673631923633367e-01
1.400000000000000133e-01
1.799999999999999933e-01
3.267341269841269602e-01
8.322222222222223076e-01
4.238789682539683135e-01
9.799999999999999822e-01
8.726249999999999840e-01
8.430833333333334068e-01
9.949999999999999956e-01
7.900000000000000355e-01
3.300000000000000155e-01
6.245047868797869439e-01
8.149999999999999467e-01
4.414769119769120231e-01
9.200000000000000400e-01
3.116725357975358990e-01
8.800000000000000044e-01
2.650027056277056148e-01
6.931547619047618847e-01
4.600000000000000200e-01
4.438613747363748252e-01
4.600000000000000200e-01
4.633669663669665040e-01
9.100000000000000311e-01
8.184166666666665702e-01
7.650000000000000133e-01
3.104733877233878392e-01
3.277859779109782434e-01
7.604305555555554985e-01
5.271493506493506453e-01
8.399999999999999689e-01
6.300000000000000044e-02
9.699999999999999734e-01
7.061111111111111338e-01
3.853145604395604717e-01
9.139702242202241145e-01
6.099999999999999867e-01
8.699999999999999956e-01
4.382721861471864377e-01
2.200411116661115940e-01
6.800000000000000488e-01
6.031488095238095593e-01
8.399999999999999689e-01
4.951415945165945076e-01
9.350000000000000533e-01
8.587500000000000133e-01
9.399999999999999467e-01
7.299999999999999822e-01
6.862976190476191007e-01
8.649999999999999911e-01
6.854642857142857482e-01
4.949999999999999956e-01
7.249999999999999778e-01
8.149999999999999467e-01
9.350000000000000533e-01
7.584999999999999520e-01
7.872499999999998943e-01
5.885009990009991698e-01
5.328749999999999876e-01
7.430544733044732730e-01
3.229999999999999538e-01
4.612499999999999933e-01
2.729272116772117895e-01
8.391666666666667274e-01
5.830982905982906583e-01
7.214674492174492082e-01
5.949999999999999734e-01
6.999999999999999556e-01
2.149999999999999967e-01
9.599999999999999645e-01
5.995833333333333570e-01
9.100000000000000311e-01
3.200000000000000067e-01
5.068973665223667213e-01
5.670396825396827323e-01
1.859770091020090943e-01
6.700000000000000400e-01
7.428023920523922907e-01
1.819424464424464205e-01
4.834595959595959502e-02
9.350000000000000533e-01
6.099999999999999867e-01
7.700000000000000178e-01
8.750000000000000000e-01
4.199999999999999845e-01
4.971369047619049186e-01
3.426125541125542018e-01
7.500000000000000000e-01
1.499999999999999944e-02
9.260416666666665408e-01
1.300000000000000044e-01
6.891468253968252577e-02
3.449999999999999734e-01
2.729272116772117895e-01
1.150000000000000050e-01
1.270833333333333259e-01
1.449999999999999900e-01
1.300000000000000044e-01
2.331434815184815212e-01
1.499999999999999944e-02
4.800000000000000100e-02
2.409166666666666956e-01
3.718502747252748208e-01
2.091870490620490741e-01
2.293113136863136614e-01
2.899999999999999800e-01
5.510119047619048693e-01
5.500000000000000028e-02
1.582361111111111052e-01
2.775436507936508423e-01
4.299999999999999656e-02
3.368278388278389546e-01
6.950833333333332753e-01
1.354588744588744176e-01
6.600000000000000311e-01
2.451791958041958097e-01
1.950000000000000067e-01
5.050000000000000044e-01
3.602624458874459368e-01
3.207142857142857018e-02
2.676785714285714324e-01
2.370566239316238832e-01
2.868458624708625782e-01
5.028677849927850607e-01
3.300000000000000155e-02
3.250000000000000111e-01
2.999999999999999889e-02
2.700000000000000178e-01
5.400000000000000355e-01
1.630000000000000060e-01
2.500000000000000139e-02
8.500000000000000611e-02
2.000000000000000042e-02
8.630880230880232096e-02
5.619766483516484001e-01
5.983035714285714901e-01
7.529166666666666785e-01
4.299999999999999933e-01
3.080833333333333757e-01
7.299999999999999545e-02
1.237923049173048490e-01
4.611452991452991701e-01
3.500000000000000333e-02
3.589583333333333792e-01
4.650000000000000244e-01
2.200000000000000011e-01
4.851388888888888418e-01
3.452550505050505092e-01
4.000000000000000083e-02
2.714285714285714565e-02
5.799999999999999600e-01
7.212499999999999467e-01
8.568759018759015966e-02
3.745833333333332682e-01
2.281904761904761658e-01
5.769119769119769592e-02
3.450296647796651239e-01
7.099999999999999645e-01
4.450000000000000067e-01
2.524494810744810636e-01
3.887499999999999845e-01
5.618333333333334068e-01
5.699999999999999512e-01
3.900000000000000133e-01
2.191939865689865041e-01
4.399058441558442722e-01
1.499999999999999944e-02
2.985612304362305625e-01
1.100000000000000006e-01
2.521811799311799995e-01
5.350000000000000311e-01
3.629761904761905078e-01
2.992857142857142938e-02
2.643704767454767568e-01
3.500000000000000333e-02
8.999999999999999667e-02
2.359999999999999876e-01
1.281108474858474455e-01
2.412499999999999922e-01
5.130000000000000115e-01
4.194523809523809654e-01
5.524880952380951671e-01
4.600000000000000200e-01
3.617273559773561686e-01
3.264285714285714013e-01
3.500000000000000333e-02
1.080000000000000127e-01
3.033820207570206984e-01
8.684166666666667256e-01
9.087732683982685522e-01
5.524880952380951671e-01
3.420101010101010419e-01
2.515238095238095384e-01
2.176865079365079281e-01
8.299999999999999600e-01
8.649999999999999911e-01
8.850000000000000089e-01
2.677916666666666501e-01
5.583805083805085667e-01
8.850000000000000089e-01
7.049999999999999600e-01
6.709999999999999298e-01
2.841518620268621009e-01
6.456578144078144454e-01
9.911805555555556202e-01
7.251268037518039389e-01
6.028466810966810474e-01
2.396055194805194744e-01
6.424960317460316483e-01
9.150000000000000355e-01
8.199999999999999512e-01
5.275000000000000799e-01
6.899047619047616875e-01
9.050000000000000266e-01
2.949999999999999845e-01
9.316666666666665320e-01
9.429166666666666252e-01
9.899999999999999911e-01
1.594468864468864266e-01
9.499999999999999556e-01
3.114285714285714435e-01
7.750000000000000222e-01
4.949999999999999956e-01
3.250000000000000111e-01
3.186363636363636065e-01
2.030377955377955235e-01
8.820000000000000062e-01
9.799999999999999822e-01
5.300000000000000266e-01
9.320000000000000506e-01
7.675833333333332842e-01
5.524880952380951671e-01
6.148274780774783954e-01
8.549999999999999822e-01
9.499999999999999556e-01
1.330000000000000071e-01
9.499999999999999556e-01
9.799999999999999822e-01
1.829999999999999960e-01
5.999999999999999778e-02
8.721250000000000391e-01
9.449999999999999512e-01
7.099999999999999645e-01
9.499999999999999556e-01
9.811805555555556113e-01
9.200000000000000400e-01
2.857058080808081435e-01
6.207142857142857600e-02
6.468313492063493264e-01
9.745347985347985187e-01
7.900000000000000355e-01
6.309999999999998943e-01
8.630357142857143504e-01
7.950000000000000400e-01
3.449999999999999734e-01
9.649999999999999689e-01
8.015714285714286014e-01
3.673532578532580639e-01
9.449999999999999512e-01
2.956904761904761703e-01
1.617619047619047734e-01
1.255967782217781992e-01
2.729272116772117895e-01
2.308260212010211365e-01
3.499999999999999778e-01
9.883333333333332860e-01
9.168055555555555403e-01
9.807222222222222729e-01
9.599999999999999645e-01
3.476968864468863996e-01
9.816666666666665764e-01
3.650740370740372387e-01
9.000000000000000222e-01
9.949999999999999956e-01
6.546547619047617950e-01
5.524880952380951671e-01
9.699999999999999734e-01
3.183562271062272409e-01
2.058571428571428497e-01
4.773412698412699551e-01
5.437499999999999556e-01
5.374780774780777426e-01
1.000000000000000000e+00
9.799999999999999822e-01
9.233333333333333393e-01
9.649999999999999689e-01
9.599999999999999645e-01
6.049999999999999822e-01
