4.691897034645080566e-01
6.465959548950195312e-01
4.005095958709716797e-01
4.733025431632995605e-01
3.906389176845550537e-01
4.096283316612243652e-01
4.096283316612243652e-01
4.096283316612243652e-01
4.096283316612243652e-01
4.096283316612243652e-01
4.096283316612243652e-01
1.539275646209716797e-01
1.101613417267799377e-01
3.700093924999237061e-01
4.096283316612243652e-01
2.246306836605072021e-01
1.053433716297149658e-01
2.728902101516723633e-01
2.842087745666503906e-01
4.802794456481933594e-01
4.096283316612243652e-01
7.052156329154968262e-01
3.257292211055755615e-01
2.049644738435745239e-01
3.386838436126708984e-01
4.096283316612243652e-01
1.101613417267799377e-01
4.096283316612243652e-01
1.879697442054748535e-01
4.096283316612243652e-01
4.096283316612243652e-01
2.077898979187011719e-01
4.691897034645080566e-01
3.385838270187377930e-01
4.096283316612243652e-01
2.306497544050216675e-01
4.691897034645080566e-01
3.461929261684417725e-01
7.052156329154968262e-01
4.802794456481933594e-01
1.101613417267799377e-01
1.879697442054748535e-01
3.948257267475128174e-01
2.842087745666503906e-01
4.096283316612243652e-01
3.343870639801025391e-01
4.694400429725646973e-01
4.096283316612243652e-01
4.440629109740257263e-02
1.879697442054748535e-01
1.767204701900482178e-01
2.444671243429183960e-01
9.206044077873229980e-01
8.176584243774414062e-01
4.096283316612243652e-01
3.440023660659790039e-01
1.101613417267799377e-01
4.377185180783271790e-02
4.096283316612243652e-01
1.756573319435119629e-01
3.362240791320800781e-01
4.096283316612243652e-01
1.767204701900482178e-01
1.170622780919075012e-01
4.096283316612243652e-01
1.053433716297149658e-01
2.646767497062683105e-01
8.318272233009338379e-01
1.593484878540039062e-01
1.526074856519699097e-01
4.096283316612243652e-01
4.096283316612243652e-01
4.096283316612243652e-01
4.209149777889251709e-01
4.096283316612243652e-01
4.096283316612243652e-01
4.096283316612243652e-01
6.035083532333374023e-02
2.949720621109008789e-01
4.096283316612243652e-01
4.096283316612243652e-01
3.396970629692077637e-01
2.480849027633666992e-01
2.520968616008758545e-01
4.205441474914550781e-02
2.273366302251815796e-01
1.053433716297149658e-01
4.130339920520782471e-01
3.254208564758300781e-01
4.691897034645080566e-01
3.318555057048797607e-01
4.096283316612243652e-01
4.045129716396331787e-01
2.063305079936981201e-01
8.279011845588684082e-01
2.480849027633666992e-01
3.087506294250488281e-01
4.096283316612243652e-01
3.386838436126708984e-01
6.367859840393066406e-01
9.735580086708068848e-01
4.096283316612243652e-01
4.096283316612243652e-01
8.981450200080871582e-01
4.096283316612243652e-01
9.098901152610778809e-01
9.295347929000854492e-01
9.442681074142456055e-01
4.096283316612243652e-01
4.096283316612243652e-01
7.129100561141967773e-01
3.045195341110229492e-01
8.981450200080871582e-01
4.096283316612243652e-01
6.444110274314880371e-01
5.489642620086669922e-01
6.308360695838928223e-01
9.442681074142456055e-01
4.096283316612243652e-01
4.096283316612243652e-01
2.804084122180938721e-01
7.353243231773376465e-01
3.318658769130706787e-01
9.442681074142456055e-01
9.442681074142456055e-01
9.195346832275390625e-01
5.812883377075195312e-01
7.679011821746826172e-01
8.674271106719970703e-01
3.505686819553375244e-01
9.582804441452026367e-01
4.096283316612243652e-01
5.489642620086669922e-01
9.547690153121948242e-01
9.634824395179748535e-01
3.461929261684417725e-01
4.631984233856201172e-01
9.195346832275390625e-01
7.672244310379028320e-01
8.441511988639831543e-01
9.442681074142456055e-01
2.722527384757995605e-01
4.096283316612243652e-01
9.183163046836853027e-01
7.353243231773376465e-01
7.679011821746826172e-01
4.096283316612243652e-01
5.004897713661193848e-01
9.838472008705139160e-01
7.326568961143493652e-01
9.879724383354187012e-01
9.537020921707153320e-01
4.774098098278045654e-01
8.516282439231872559e-01
4.096283316612243652e-01
4.096283316612243652e-01
8.318272233009338379e-01
9.007535576820373535e-01
7.376501560211181641e-01
8.850212097167968750e-01
4.096283316612243652e-01
4.096283316612243652e-01
6.308360695838928223e-01
9.391400218009948730e-01
8.810650706291198730e-01
2.949720621109008789e-01
8.666166067123413086e-01
4.096283316612243652e-01
7.740361690521240234e-01
4.096283316612243652e-01
4.096283316612243652e-01
4.096283316612243652e-01
4.096283316612243652e-01
5.812883377075195312e-01
4.096283316612243652e-01
9.481197595596313477e-01
5.007514357566833496e-01
4.691897034645080566e-01
8.834220170974731445e-01
7.810742259025573730e-01
8.981450200080871582e-01
4.096283316612243652e-01
8.318272233009338379e-01
9.194936752319335938e-01
9.487417936325073242e-01
9.442681074142456055e-01
8.516117930412292480e-01
9.314976930618286133e-01
4.910307228565216064e-01
7.617550492286682129e-01
9.442681074142456055e-01
5.812883377075195312e-01
4.096283316612243652e-01
9.689928293228149414e-01
7.577834725379943848e-01
7.642043828964233398e-01
4.096283316612243652e-01
7.340325713157653809e-01
4.265058338642120361e-01
7.755354642868041992e-01
1.949790865182876587e-01
2.752244174480438232e-01
1.879697442054748535e-01
4.096283316612243652e-01
2.577683329582214355e-01
2.754406034946441650e-01
1.000875979661941528e-01
9.410750865936279297e-02
3.445815145969390869e-01
4.096283316612243652e-01
4.096283316612243652e-01
2.444671243429183960e-01
4.096283316612243652e-01
4.461364746093750000e-01
5.168905258178710938e-01
4.096283316612243652e-01
8.318272233009338379e-01
4.096283316612243652e-01
4.096283316612243652e-01
2.805041521787643433e-02
1.298881322145462036e-01
1.949790865182876587e-01
5.152821540832519531e-01
4.096283316612243652e-01
1.536155939102172852e-01
3.476043641567230225e-01
6.035083532333374023e-02
3.476043641567230225e-01
4.096283316612243652e-01
3.385838270187377930e-01
4.175353050231933594e-01
2.657916247844696045e-01
8.613998293876647949e-01
2.193196862936019897e-01
4.096283316612243652e-01
1.949790865182876587e-01
1.358108222484588623e-01
5.152821540832519531e-01
4.096283316612243652e-01
2.152573913335800171e-01
1.053433716297149658e-01
9.410750865936279297e-02
6.758599281311035156e-01
4.049811661243438721e-01
7.740361690521240234e-01
5.402179956436157227e-01
3.902888894081115723e-01
8.614683896303176880e-02
2.577683329582214355e-01
4.096283316612243652e-01
4.096283316612243652e-01
8.981450200080871582e-01
4.221003651618957520e-01
2.090969383716583252e-01
4.096283316612243652e-01
1.949790865182876587e-01
4.096283316612243652e-01
2.205117195844650269e-01
1.680736243724822998e-01
5.152821540832519531e-01
4.096283316612243652e-01
3.291985988616943359e-01
4.096283316612243652e-01
3.162291347980499268e-01
1.053433716297149658e-01
4.096283316612243652e-01
1.879697442054748535e-01
2.844052314758300781e-01
9.743136167526245117e-02
4.096283316612243652e-01
9.410750865936279297e-02
5.007514357566833496e-01
4.595989882946014404e-01
1.879697442054748535e-01
3.507381975650787354e-01
2.710484564304351807e-01
4.096283316612243652e-01
4.899049401283264160e-01
4.096283316612243652e-01
4.096283316612243652e-01
7.553679943084716797e-01
4.096283316612243652e-01
4.096283316612243652e-01
7.525830864906311035e-01
4.096283316612243652e-01
2.090969383716583252e-01
5.152821540832519531e-01
2.128166407346725464e-01
3.332849740982055664e-01
2.077898979187011719e-01
5.571830272674560547e-02
4.096283316612243652e-01
1.615218520164489746e-01
1.306173801422119141e-01
4.701111614704132080e-01
2.444671243429183960e-01
4.096283316612243652e-01
4.096283316612243652e-01
4.096283316612243652e-01
4.802794456481933594e-01
5.152821540832519531e-01
4.096283316612243652e-01
9.195346832275390625e-01
6.882057785987854004e-01
6.909455060958862305e-01
5.173057317733764648e-01
5.152821540832519531e-01
4.096283316612243652e-01
1.941786855459213257e-01
1.879697442054748535e-01
4.096283316612243652e-01
4.096283316612243652e-01
4.096283316612243652e-01
3.892926871776580811e-01
4.096283316612243652e-01
7.129100561141967773e-01
4.096283316612243652e-01
8.981450200080871582e-01
4.096283316612243652e-01
8.064191341400146484e-01
8.981450200080871582e-01
9.128455519676208496e-01
3.892926871776580811e-01
5.223907828330993652e-01
3.953530788421630859e-01
4.096283316612243652e-01
9.802492260932922363e-01
4.096283316612243652e-01
9.307719469070434570e-01
4.096283316612243652e-01
8.151434063911437988e-01
5.995976328849792480e-01
4.096283316612243652e-01
5.995976328849792480e-01
4.096283316612243652e-01
8.778988718986511230e-01
8.318272233009338379e-01
8.686215281486511230e-01
4.096283316612243652e-01
4.096283316612243652e-01
4.096283316612243652e-01
4.096283316612243652e-01
7.577834725379943848e-01
4.096283316612243652e-01
9.442681074142456055e-01
5.223907828330993652e-01
4.380644857883453369e-01
7.327954173088073730e-01
5.406174659729003906e-01
7.647737264633178711e-01
4.096283316612243652e-01
4.096283316612243652e-01
5.986697077751159668e-01
4.698475897312164307e-01
8.121488690376281738e-01
4.096283316612243652e-01
7.522298097610473633e-01
6.172127723693847656e-01
9.685549736022949219e-01
6.887848973274230957e-01
5.152821540832519531e-01
8.871545791625976562e-01
5.152821540832519531e-01
4.189456105232238770e-01
5.617217421531677246e-01
7.691448330879211426e-01
9.392858743667602539e-01
6.862544417381286621e-01
5.152821540832519531e-01
4.096283316612243652e-01
4.096283316612243652e-01
5.840666890144348145e-01
3.385838270187377930e-01
3.634262084960937500e-01
4.096283316612243652e-01
7.322431206703186035e-01
4.096283316612243652e-01
6.652861833572387695e-01
4.897630810737609863e-01
7.327954173088073730e-01
1.879697442054748535e-01
6.932509541511535645e-01
4.096283316612243652e-01
9.173700809478759766e-01
3.045195341110229492e-01
4.096283316612243652e-01
4.096283316612243652e-01
4.096283316612243652e-01
9.181231260299682617e-01
6.725937724113464355e-01
4.096283316612243652e-01
3.205883800983428955e-01
4.774098098278045654e-01
5.152821540832519531e-01
6.206488609313964844e-01
9.231269955635070801e-01
4.168647527694702148e-01
4.096283316612243652e-01
3.337220549583435059e-01
6.196331381797790527e-01
1.053433716297149658e-01
6.444110274314880371e-01
6.267911940813064575e-02
2.205117195844650269e-01
2.440158277750015259e-01
4.096283316612243652e-01
8.505600690841674805e-02
2.755723595619201660e-01
3.492277264595031738e-01
4.542297720909118652e-01
4.096283316612243652e-01
1.358108222484588623e-01
4.096283316612243652e-01
3.476043641567230225e-01
4.096283316612243652e-01
4.763712584972381592e-01
4.096283316612243652e-01
4.210273623466491699e-01
4.171697199344635010e-01
2.492605298757553101e-01
4.096283316612243652e-01
4.029208421707153320e-01
3.853087723255157471e-01
4.096283316612243652e-01
6.559107303619384766e-01
4.096283316612243652e-01
5.402179956436157227e-01
4.096283316612243652e-01
1.879697442054748535e-01
4.096283316612243652e-01
4.096283316612243652e-01
4.096283316612243652e-01
3.480433225631713867e-01
4.096283316612243652e-01
4.096283316612243652e-01
5.306899547576904297e-01
2.077898979187011719e-01
1.832576841115951538e-01
2.063305079936981201e-01
3.480433225631713867e-01
3.388419449329376221e-01
3.058851659297943115e-01
2.063305079936981201e-01
2.063305079936981201e-01
1.053433716297149658e-01
4.096283316612243652e-01
4.096283316612243652e-01
5.018818378448486328e-01
5.219888091087341309e-01
4.096283316612243652e-01
4.617151916027069092e-01
3.385838270187377930e-01
2.662694156169891357e-01
4.096283316612243652e-01
8.306877315044403076e-02
4.096283316612243652e-01
5.900167226791381836e-01
1.879697442054748535e-01
2.024880498647689819e-01
1.909953653812408447e-01
1.392861157655715942e-01
1.949790865182876587e-01
6.725937724113464355e-01
6.652861833572387695e-01
4.096283316612243652e-01
7.725238800048828125e-01
4.096283316612243652e-01
3.440023660659790039e-01
4.096283316612243652e-01
8.818035721778869629e-01
4.096283316612243652e-01
4.111866056919097900e-01
7.006997466087341309e-01
3.303141593933105469e-01
5.561510920524597168e-01
5.450333952903747559e-01
4.096283316612243652e-01
4.148150086402893066e-01
1.756039857864379883e-01
4.096283316612243652e-01
4.270803183317184448e-02
4.096283316612243652e-01
5.805617570877075195e-01
7.161487340927124023e-01
4.096283316612243652e-01
4.096283316612243652e-01
6.035083532333374023e-02
4.096283316612243652e-01
4.096283316612243652e-01
4.096283316612243652e-01
7.207238674163818359e-01
2.024880498647689819e-01
4.096283316612243652e-01
7.052156329154968262e-01
4.501903653144836426e-01
4.096283316612243652e-01
1.634246408939361572e-01
9.709955006837844849e-02
4.096283316612243652e-01
4.096283316612243652e-01
9.668303728103637695e-01
8.176584243774414062e-01
7.052156329154968262e-01
3.394508361816406250e-01
4.096283316612243652e-01
4.221003651618957520e-01
9.442681074142456055e-01
6.790469288825988770e-01
8.441511988639831543e-01
3.480433225631713867e-01
4.096283316612243652e-01
9.612056612968444824e-01
6.559901833534240723e-01
5.561510920524597168e-01
4.852560758590698242e-01
4.096283316612243652e-01
8.153148293495178223e-01
4.221003651618957520e-01
5.392069220542907715e-01
4.096283316612243652e-01
5.392069220542907715e-01
7.679011821746826172e-01
7.602757811546325684e-01
3.595300912857055664e-01
8.064191341400146484e-01
7.291247248649597168e-01
3.381649851799011230e-01
7.679011821746826172e-01
7.353243231773376465e-01
9.707303643226623535e-01
4.096283316612243652e-01
9.442681074142456055e-01
3.903732001781463623e-01
5.018818378448486328e-01
4.096283316612243652e-01
3.971812725067138672e-01
4.542297720909118652e-01
4.096283316612243652e-01
7.795545458793640137e-01
9.262302517890930176e-01
6.525527834892272949e-01
5.730627179145812988e-01
9.732174873352050781e-01
7.052156329154968262e-01
4.096283316612243652e-01
7.752879858016967773e-01
8.706561923027038574e-01
4.096283316612243652e-01
9.442681074142456055e-01
9.409533143043518066e-01
2.077898979187011719e-01
1.692698001861572266e-01
5.924369096755981445e-01
9.583681821823120117e-01
7.611556649208068848e-01
9.195346832275390625e-01
8.153148293495178223e-01
7.968302369117736816e-01
4.096283316612243652e-01
4.096283316612243652e-01
5.740877389907836914e-01
8.271564245223999023e-01
9.813361763954162598e-01
5.173057317733764648e-01
7.767128348350524902e-01
6.906997561454772949e-01
4.096283316612243652e-01
8.981450200080871582e-01
8.064191341400146484e-01
4.096283316612243652e-01
9.442681074142456055e-01
4.096283316612243652e-01
4.096283316612243652e-01
4.096283316612243652e-01
4.096283316612243652e-01
4.096283316612243652e-01
3.045195341110229492e-01
9.007535576820373535e-01
7.617550492286682129e-01
7.522298097610473633e-01
9.442681074142456055e-01
3.480433225631713867e-01
9.007535576820373535e-01
4.096283316612243652e-01
8.239750862121582031e-01
5.730627179145812988e-01
8.064191341400146484e-01
7.052156329154968262e-01
9.442681074142456055e-01
4.852560758590698242e-01
2.181575447320938110e-01
4.096283316612243652e-01
8.318272233009338379e-01
4.096283316612243652e-01
8.582034111022949219e-01
9.471445083618164062e-01
8.318272233009338379e-01
8.153148293495178223e-01
9.442681074142456055e-01
5.059885382652282715e-01
