7.487498179968098411e-01
2.250526331199838581e-01
2.271083074823750103e-01
4.949410396232208353e-01
4.798209824808836177e-01
1.821361434826573311e-01
1.202244677326574779e-01
2.375519686547233611e-01
5.071860160042559462e-01
6.073715375297654706e-01
4.654509628076508587e-01
6.301207985832523173e-01
1.992483497514346558e-01
3.120933034973453202e-01
2.981849177208964474e-01
2.465893209740278036e-01
2.194371985622199650e-01
2.097563163524311380e-01
1.849835576189432784e-01
4.731696774536392480e-01
5.953497491822783427e-01
7.831600183525329051e-01
2.168414922970665903e-01
5.593651574655640335e-01
2.575871515661737332e-01
3.950565370381855512e-01
1.986730263944923580e-01
5.000000000000000000e-01
1.916772017374033521e-01
4.133158349174768653e-01
4.426001036386432164e-01
4.230819236861057542e-01
3.244909158011458628e-01
2.502543993693519542e-01
4.839631284428742575e-01
1.647602087307088736e-01
3.923279381218377493e-01
5.226912459680972400e-01
7.831600183525329051e-01
6.250408871454504744e-01
8.117747445372716641e-02
1.283906545122560916e-01
3.632485096237498268e-01
1.950242250755693241e-01
5.583061567448586171e-01
2.974537026038780452e-01
6.494012345360709038e-01
4.880839134490853604e-01
1.595390411100443273e-01
1.916772017374033521e-01
1.312841415315272320e-01
1.039167232951072745e-01
5.782382499227879391e-01
8.261688243701756917e-01
2.744781350791245522e-01
3.435027348460706897e-01
3.499653765839316200e-01
2.415453883920641240e-02
7.867787230889689010e-01
1.018373180871896960e-01
2.546821354646882640e-01
3.220785585149203989e-01
1.312841415315272320e-01
1.538897068777360655e-01
4.668481702344483009e-01
1.064005413635105979e-01
2.559424674048802473e-01
8.324329053993083649e-01
2.200256626321508702e-01
2.345837777221909115e-01
5.000000000000000000e-01
5.000000000000000000e-01
3.106997827509218046e-01
3.798184495954335382e-01
3.972975267228774920e-01
3.567339171710467438e-01
6.050197806789457955e-01
1.452261838896440893e-01
5.376311397487354427e-01
4.573423448974931471e-01
2.219493883243027210e-01
2.723391375141300252e-01
2.738783035857240145e-01
3.950321706319344650e-01
7.141144905820517863e-02
1.712879418264735554e-01
3.933632964046827607e-01
3.007066202757249784e-01
2.712780635397658013e-01
6.162341871657629477e-01
2.774980220165577660e-01
3.619020495092811207e-01
2.968990536253974799e-01
1.150591322273621236e-01
3.413908260145773199e-01
8.835730094033440729e-02
2.231830868432089776e-01
3.131345838808344828e-01
3.998930554383340330e-01
7.415274351457726842e-01
8.884339182449607630e-01
6.700877839755148280e-01
6.986665149864393909e-01
9.038950873303670530e-01
2.324006444079000644e-01
8.597713217108801098e-01
7.194115081443603898e-01
8.970185742730442113e-01
6.018132930943775882e-01
5.138709491911174210e-01
4.610977055721192097e-01
4.443632046924153034e-01
9.038347976564520270e-01
4.285057622827137536e-01
6.301375406195233175e-01
6.797821810103481521e-01
7.415785419432820991e-01
8.016179594919610185e-01
5.514354623126708210e-01
5.518058703219244077e-01
2.750417046752776096e-01
6.707899210377601396e-01
2.276444791341126483e-01
8.865235085158841288e-01
8.776605272542981062e-01
8.708008859557513359e-01
7.659238213475982882e-01
8.960852275043067472e-01
9.466557354146615255e-01
4.408909392045158304e-01
8.557808840336066369e-01
7.393434239375991091e-01
5.633651131914327870e-01
8.868999581035825752e-01
8.059340503885048523e-01
3.756222512736799857e-01
4.318619580981766237e-01
6.960564669558901851e-01
8.820657601467236653e-01
6.208853306884971612e-01
9.101012587958483557e-01
3.864723413213375647e-01
6.319384835655673660e-01
9.489355965046981645e-01
8.161112643942552980e-01
7.477717890464055106e-01
2.759422631416233451e-01
4.973740377854399819e-01
9.461162330079598837e-01
8.966747546606981256e-01
8.971862229388855026e-01
8.928676494786998985e-01
5.876882268918030006e-01
5.225433169706463765e-01
5.461066739123342506e-01
4.333921453363120402e-01
7.985334025706707362e-01
7.164041299709111854e-01
8.275824957171387108e-01
6.244548965069582902e-01
6.193624095316345723e-01
7.041127227091336094e-01
8.040862730737712294e-01
6.725842285680984078e-01
8.187027214155067067e-01
6.308056961254767669e-01
5.715308653340847034e-01
2.653018025530873847e-01
3.848028824990510355e-01
5.606255276809104515e-01
3.615458376917925487e-01
6.079633135833667490e-01
6.280501552140699273e-01
5.813204188457128385e-01
3.898194757113634945e-01
8.906095790935352197e-01
6.348454810663273218e-01
5.523118798175661315e-01
7.598039782843329926e-01
5.011982262417837841e-01
9.038950873303670530e-01
6.149137273078092436e-01
5.944893001046868131e-01
7.965236812249090192e-01
8.756610197042882238e-01
6.319455903864052981e-01
8.920113611960528432e-01
7.598882044595900442e-01
7.845324096655804658e-01
8.940571956023880551e-01
6.600514840789688531e-01
6.452028109109653187e-01
5.257975469842361971e-01
9.441142100712236473e-01
6.768318455661049837e-01
6.053589290954811686e-01
5.461528262517378884e-01
6.643727877665245307e-01
4.659977099840665327e-01
9.028068016135128993e-01
2.058690039304743036e-01
1.894616684408413354e-01
1.646202553153695569e-01
5.135147296659094973e-01
1.196501123000091038e-01
2.396868451356736762e-01
4.297512349794028325e-02
1.382525835313965223e-01
2.292051125364264197e-01
3.656027593551403609e-01
2.170772545056398051e-01
6.267209865393372215e-02
6.527769732010565429e-01
2.239156031428936877e-01
4.886095918178178232e-01
4.054347751856411941e-01
7.206421047846980343e-01
5.263249234973020885e-01
3.482728404148574541e-01
2.961186836631928276e-01
2.839262884530008857e-01
1.324208959545685738e-01
5.039340627898656333e-01
4.772683799989555498e-01
2.478817089899447712e-01
3.745725163698713778e-01
1.771382416372196955e-01
3.243298996099011622e-01
3.032756732968205360e-01
3.120058220245667258e-01
5.973503856446746862e-01
1.815788150803156198e-01
8.702643807046234192e-01
3.862244357804602291e-01
3.517413426925744546e-01
9.134744028438630814e-02
8.624822043166528729e-02
2.181337178254178222e-01
5.000000000000000000e-01
2.154310409936567583e-01
9.614565823554069302e-02
1.187023333618363041e-01
2.594224700696940444e-01
1.088269547048791308e-01
5.611397221092948584e-01
1.161442091718580261e-01
2.867343988676347988e-01
5.595552298204677089e-02
6.800554345390046052e-02
3.807861893282651899e-01
3.515824482222447145e-01
5.886158952208619954e-01
4.048501089193985991e-01
1.247773143660677736e-01
6.572849094791107794e-01
2.954303666440818987e-01
3.030484732039115947e-01
1.972809759034225563e-01
2.498702350906695513e-01
4.612131764780560972e-01
2.820490994914067739e-01
1.485772826003972091e-01
4.445795311053342136e-01
3.343306266105279811e-01
2.269851961254340245e-01
1.876991843475624977e-01
2.261672155622048430e-01
2.210263564930438074e-01
3.154325996197258203e-02
2.424894141262836367e-01
8.002422824657094702e-02
4.347054565751782285e-01
5.499166271524621452e-01
2.023905663910149644e-01
3.431806810351490378e-01
3.506120609400175669e-01
4.863000037681957655e-01
3.445191360845901718e-01
4.480613949788202488e-01
2.013832168220700547e-01
5.625049117000571197e-01
2.365954330875155165e-01
3.872353246967243368e-01
3.813664709751520832e-01
4.149030068810756200e-01
1.960697854404766793e-01
6.522437137802673535e-01
3.447440622333788895e-01
1.601200606028120588e-01
4.414841766594316264e-01
2.371116940119424588e-01
3.139124325833737572e-01
1.331569972786238176e-01
2.289218085392967228e-01
4.814473272655035996e-01
5.930244565236217347e-02
3.095687896190469912e-01
4.149721079601720874e-01
3.588171704460806355e-01
7.156882013228709205e-01
6.889418019128664694e-01
4.791252269359588811e-01
6.307231070708811949e-01
6.728929148321662890e-01
4.797560169510660111e-01
5.774384244699459767e-01
3.995805827906417362e-01
3.976671813930672261e-01
5.412423181787150428e-01
2.848089615854427215e-01
5.553931202238306941e-01
5.000000000000000000e-01
4.565744475967062899e-01
4.274197083890181048e-01
4.439641798394008410e-01
7.977140491948292444e-01
3.733668161112778106e-01
7.164266141908600671e-01
7.211635026183933483e-01
7.529691638158542144e-01
9.043705963264093706e-01
7.766161103747273309e-01
4.331638734092224663e-01
6.997140539659356673e-01
6.744664429280002871e-01
7.340566222303184230e-01
9.255510640696938962e-01
5.913469374879977147e-01
8.489604478125554188e-01
4.563254775213531622e-01
4.144663644675450342e-01
6.510698279965647650e-01
7.392297844408202145e-01
5.890952545937427898e-01
7.113561769585815542e-01
8.380572920949705962e-01
6.563988064317302085e-01
7.504032005809869732e-01
5.434178240688186667e-01
5.035417259316123939e-01
6.820086498851851697e-01
6.353397680246063439e-01
5.097351022785003849e-01
3.134891655521854226e-01
7.603583672278432237e-01
7.142856042860352694e-01
4.036476495802362452e-01
8.056265449847905824e-01
3.796630682552117886e-01
5.412898771060344894e-01
6.662208833108844708e-01
4.183764792904268726e-01
6.055702652264863817e-01
7.207734195006616496e-01
8.480176415916047539e-01
3.883785435902212813e-01
7.478636924913726336e-01
7.971104009643590338e-01
9.301226352148389553e-01
6.969895171070054074e-01
3.258665523479393755e-01
6.679675688570543279e-01
3.203918179722969328e-01
4.754211301989673677e-01
7.727237113739552354e-01
4.695089935420355687e-01
6.851760493613836545e-01
7.038180608450639308e-01
6.439609121148556214e-01
7.274042893696316403e-01
2.874433240608229578e-01
7.698370529125123651e-01
7.419068504331952640e-01
4.804580116962334224e-01
5.000000000000000000e-01
6.430349275009916710e-01
5.770885198489948964e-01
5.459818641122441418e-01
4.404578708651197272e-01
5.141076091651487490e-01
3.220027678698190732e-01
8.013002150231750553e-01
4.287289256566984008e-01
8.082578795908307301e-01
6.820194728275849050e-01
4.971628668651085770e-01
5.687705142821626314e-01
3.872353246967243368e-01
5.641071428669526266e-01
7.966631247637971924e-01
2.711909839986710868e-01
1.838679336251039242e-01
8.505836056325218886e-01
3.576230167147772532e-01
7.253289752565654780e-01
6.476603644393424952e-01
4.954255786660148320e-01
6.672024309442827761e-01
5.287097183279533263e-01
7.524443852758723184e-01
1.993694679868547037e-01
6.301375406195233175e-01
3.496408160958666689e-01
2.951003953047947048e-01
3.863812657817865537e-01
5.000000000000000000e-01
2.820641019730217303e-01
3.108072621097981991e-01
3.536896118135166023e-01
3.682365117067891713e-01
2.482266002549195771e-01
1.148886133838831619e-01
2.550394852360434728e-01
3.842717591209273698e-01
2.733470956468579405e-01
1.903345333311312892e-01
2.378998771457582206e-01
2.558392021004479711e-01
6.020838686684062413e-01
2.512336518453604506e-01
4.945973090604749434e-01
5.231785830514286140e-01
2.319604142235720812e-01
5.486659152914685755e-01
4.109083294214243565e-01
5.114438232454379119e-01
4.971935842613627865e-01
4.158710629851813390e-01
3.465857384801405705e-01
7.557090596135238592e-01
5.293809887104085066e-01
3.506674565570966906e-01
4.810613842292943976e-01
3.793219073373864103e-01
5.000000000000000000e-01
5.398604309413169711e-01
4.230819236861057542e-01
2.707696920561700749e-01
1.715823075686247756e-01
5.162848042228723733e-01
3.546846254463278947e-01
3.924484785026614575e-01
2.182029702970439966e-01
4.351417291050368452e-01
2.374074226444650160e-01
4.985086998094236388e-01
6.966024701158726185e-01
7.256769914005055666e-01
5.401472858417626366e-01
4.485155809406547456e-01
5.299461586512205225e-01
3.576003600066114951e-01
1.578826438097802598e-01
2.006896125975014267e-01
1.800109309350249598e-01
3.968756284064420270e-01
3.339197450562398362e-01
2.359613860823077391e-01
2.628187135696554710e-01
3.516141025038077572e-01
1.543804406711985211e-01
1.327608206429949922e-01
6.087273065860723253e-01
3.980490481437264361e-01
1.603816695376970858e-01
6.269145350118715543e-01
5.957080461133402727e-01
2.868830064381646672e-01
5.394196919655362965e-01
4.184762512316159699e-01
3.144163022248415706e-01
5.032993799579329464e-01
4.163957733803246852e-01
4.158367231172143685e-01
5.361338793174914574e-01
5.118384375686112486e-01
3.305764578705607248e-01
4.756177315799425820e-01
2.154299270479349271e-01
5.012019074984390699e-01
1.596557791390390557e-01
5.042812016297948396e-01
3.814842532246468521e-01
3.273498369515827067e-01
3.506674565570966906e-01
4.289571086301972036e-01
1.353489740349694270e-01
3.727448903311664785e-01
1.622036029359510134e-01
3.384746277971066863e-01
5.417660644990737184e-01
3.088755368514556343e-01
5.026833220888713427e-01
7.831600183525329051e-01
4.451068189716425594e-01
4.876608203542590614e-01
2.589099044338930566e-01
9.861413290725490333e-02
5.086817815296431622e-01
5.173598187221452038e-01
8.990641157663279426e-01
8.210271814897236453e-01
7.831600183525329051e-01
5.621187154619031734e-01
6.278185664362777585e-01
4.919218281335571152e-01
7.598003133476498583e-01
5.452869250190583994e-01
7.525438121637189059e-01
4.868179500447755159e-01
8.181475475762431948e-01
7.820234041294220617e-01
4.948826126084875376e-01
5.593899366847994159e-01
4.224896645094937120e-01
5.794024313856609432e-01
8.824847654829184318e-01
7.027028567239118617e-01
6.334671117803725160e-01
5.118865787841863080e-01
5.942570250730428993e-01
8.708376790860710148e-01
5.768003787942125316e-01
4.914447273520414772e-01
7.929660521285740726e-01
6.866167382388894680e-01
2.978203403674833938e-01
8.554435573355257949e-01
6.279366013853467932e-01
9.418248162238156418e-01
3.238831165729550432e-01
8.134002033822790301e-01
5.245099739497260938e-01
7.890605383841382547e-01
5.800928687146399421e-01
5.081020254420732796e-01
5.668013538168877874e-01
2.340417372980179711e-01
6.792922194839758898e-01
8.561792884004543192e-01
4.811069388558676940e-01
5.622282830980624979e-01
8.438452246808939572e-01
7.831600183525329051e-01
8.409343993301625630e-01
7.106402982500443777e-01
8.404794033909835926e-01
5.459248356938305458e-01
9.359201257384754946e-01
9.227700781928352969e-01
4.230819236861057542e-01
1.410378291218984947e-01
7.660206925637883524e-01
8.614961856686410568e-01
4.866015860132901216e-01
8.461799806814311875e-01
9.098824546188741813e-01
8.644311975487921629e-01
5.033111813450578120e-01
3.506674565570966906e-01
6.046838535769831768e-01
9.033938304142747899e-01
8.892318145302813281e-01
5.927827092992867808e-01
8.450078977094870325e-01
7.450245888830664409e-01
7.810119128305400560e-01
7.506392998749132905e-01
8.422351453922500841e-01
5.980739778121265671e-01
9.359201257384754946e-01
5.479776247527391453e-01
5.166911629713353271e-01
2.642378872981318016e-01
5.000000000000000000e-01
4.197010477506372128e-01
5.368655563016855314e-01
7.546328569974523059e-01
6.843615088182009032e-01
8.660981642793038615e-01
8.198906186396721640e-01
5.060795435706135770e-01
6.522123524728715704e-01
5.877823390436619500e-01
7.337250229667581225e-01
8.667604243231220584e-01
7.819214869939987711e-01
7.831600183525329051e-01
8.636785813727405614e-01
5.132824166489450279e-01
3.501611452777549927e-01
4.884322541277216767e-01
6.802407449191240074e-01
6.569148881387859573e-01
9.184759932050622355e-01
9.223128394455692991e-01
7.568447886588317575e-01
8.511498347900410266e-01
8.661396075991157906e-01
7.210918430972896864e-01
