6.040704919715821353e-01
4.789730170119249619e-01
2.831230938651715379e-01
5.220471913242841211e-01
5.257329951442769600e-01
2.321801910544433190e-01
2.223717797753152203e-01
2.792364131439023511e-01
4.520729620666263937e-01
5.018425234021526293e-01
4.684059463524951061e-01
5.316647057729079195e-01
1.633713448063938423e-01
4.483795410145746674e-01
2.959894009344617993e-01
2.647165572516350096e-01
1.824613330759239649e-01
1.752352919384805585e-01
2.642361709899009314e-01
4.434486519888135025e-01
4.320129117992205781e-01
9.359011148638761712e-01
2.297329132553711240e-01
4.162112890936434106e-01
2.664640167005297711e-01
3.819727040808612584e-01
1.778706111240477561e-01
4.473106531058613222e-01
2.259721422952138681e-01
4.827637506172996473e-01
4.736200413506254092e-01
2.505351514406415903e-01
3.509320787136143704e-01
2.078154088447325409e-01
4.195070390358475731e-01
2.669272604510144475e-01
3.903971656782193045e-01
4.774744015171875633e-01
9.359011148638761712e-01
6.168950893293172477e-01
8.272296458897956950e-02
1.707626552265926190e-01
4.195674598399838362e-01
2.199160248056957201e-01
5.546562376302324182e-01
3.506241315463741182e-01
6.459264310455927749e-01
4.230334742088623923e-01
1.066095961900400818e-01
2.259721422952138681e-01
1.406665298746148651e-01
1.554739277219452931e-01
6.792852581048771654e-01
8.201732600126147021e-01
3.618287103264699045e-01
3.258823579046503105e-01
2.313605252877794227e-01
7.352721200739489871e-02
6.183536704603953549e-01
1.798508734331177861e-01
2.755137105042537171e-01
3.913143582026717415e-01
1.406665298746148651e-01
1.217917076777014357e-01
3.877141446607663688e-01
1.351075587750215079e-01
2.199447132650069470e-01
8.460537259473056571e-01
2.738531164611923696e-01
2.170766339520607269e-01
4.473106531058613222e-01
4.473106531058613222e-01
3.320568821368368173e-01
3.577863748044878833e-01
4.446478253056058705e-01
3.452614584328108638e-01
4.997226643520401579e-01
1.418930108890984199e-01
4.295983065162514714e-01
3.996924965797586937e-01
3.087484053007475415e-01
2.729823996887600912e-01
2.815095202138128139e-01
4.025464700367812343e-01
1.094761808138862702e-01
2.018357413966377079e-01
3.045898458845835988e-01
4.569834512716698383e-01
3.027495420402614990e-01
5.251309422124519344e-01
3.001843395014446303e-01
4.068629310567770108e-01
2.478961637250683414e-01
1.633765827006749272e-01
5.671888870247867587e-01
1.429030100064127284e-01
2.812970464719700692e-01
3.352370000213278356e-01
4.180412527978737969e-01
7.348307089617338583e-01
9.363902977672372563e-01
5.645547416179388378e-01
5.252801180533442915e-01
9.388122872928402751e-01
2.516481487941802930e-01
8.530364822267367808e-01
8.065349603256409816e-01
9.352826060679806375e-01
5.749527467169968098e-01
3.552562831698747869e-01
5.681142491398424310e-01
2.639698498888617406e-01
8.796817355975866670e-01
4.045263290127226741e-01
6.522205991462211028e-01
6.480997921536560957e-01
7.634934244559645755e-01
9.079122097835476968e-01
4.785161066413625153e-01
4.514861110442165981e-01
1.690897643096092029e-01
5.351819896401091015e-01
2.531785311417516504e-01
9.426384568585363111e-01
9.486002650450160445e-01
8.771934430415171402e-01
7.263793515012333391e-01
8.390322067780273674e-01
8.736487270579925690e-01
3.038870510387512991e-01
9.052171721010454641e-01
6.861304485303647560e-01
6.133206493056476694e-01
8.530126657398158230e-01
8.634559059424320449e-01
3.027225990925060950e-01
4.170043580988006537e-01
8.225441679780696180e-01
8.304864620210342663e-01
7.298558537514192590e-01
9.341645810465335487e-01
4.034363774623779819e-01
5.621153775341058978e-01
9.232068795475446565e-01
7.775616744265697600e-01
6.758925712950829556e-01
3.122903491397210352e-01
4.855734201889753132e-01
9.516935279425925431e-01
7.306005582445695978e-01
9.541798545128485909e-01
9.406078157362589565e-01
5.153746930407568927e-01
5.744326590103149277e-01
5.772420388192539553e-01
4.103899324171246255e-01
8.114972996726117493e-01
7.606027429885439117e-01
7.304145826848518208e-01
6.667777528122690311e-01
5.656188212173890451e-01
5.712812122310562124e-01
6.657953642339592415e-01
7.867855107494654554e-01
7.388125678224798376e-01
5.681129203398171956e-01
6.736696832636605015e-01
2.941564311981565982e-01
5.069884186917318347e-01
4.598170664763920334e-01
3.205451736353129299e-01
4.787423569237577170e-01
5.832451334815211830e-01
5.613193382585356384e-01
4.465253484070641488e-01
9.184558434630862855e-01
5.283124724539673966e-01
5.109566322723414489e-01
6.981590744509156288e-01
5.564265777139473235e-01
9.388122872928402751e-01
6.222611418459501609e-01
6.977610011622800146e-01
8.613312189496257210e-01
8.725142101743783574e-01
7.940750634999176327e-01
8.605996061758337534e-01
7.902880749050678055e-01
6.472450420113274872e-01
8.278110579074430264e-01
8.434915980493407073e-01
5.918465751577497436e-01
4.776662567064570153e-01
9.542823920121737968e-01
7.124392568780543167e-01
6.830172288190080598e-01
5.256026696565140321e-01
6.282468689289449904e-01
4.313795892898347195e-01
8.529521781948604664e-01
1.747406153724537226e-01
2.123220248406074706e-01
2.415091341292910365e-01
5.328285099870112562e-01
1.749125541861352995e-01
3.235435048989040441e-01
1.845996545118029075e-01
1.052703261708499843e-01
2.120090493694723743e-01
3.667734187789183919e-01
2.910927500782123367e-01
1.753961137606760423e-01
5.575998422615116024e-01
3.068258769957264431e-01
5.507831193082989296e-01
4.135477702066597816e-01
7.568445664150489360e-01
4.396448427585396557e-01
3.475815631955479490e-01
3.003727429635472679e-01
2.813269128049180057e-01
1.606738930029344703e-01
5.189436382322021313e-01
4.500567286709574732e-01
2.038681854088354173e-01
3.612450306218303875e-01
1.703255898688085801e-01
2.739897224260955944e-01
3.089249775635442008e-01
3.020095680150916007e-01
5.449327327603759041e-01
2.534541263945341849e-01
8.133312154140164285e-01
4.194115251481933537e-01
3.889520109490675059e-01
1.274258634487189790e-01
8.269948747332600547e-02
2.830529444580025533e-01
4.473106531058613222e-01
2.920402094370906920e-01
9.978758683139929420e-02
6.904855486399248676e-02
4.413269452161327489e-01
1.952693410484298286e-01
6.004471381239966377e-01
2.033578155468759030e-01
3.094948360566247558e-01
9.639952772912271928e-02
1.543688240829077241e-01
4.063667240068891129e-01
3.779935163107508989e-01
7.187159971431253958e-01
4.520429302885727307e-01
1.785319105121642158e-01
5.198184673424512958e-01
2.801071584485097521e-01
3.294562992776787769e-01
1.903556348997899605e-01
3.440240425844607319e-01
5.321202762817778265e-01
3.196836729789345188e-01
2.081402325775010831e-01
4.493812185593701325e-01
2.634809605734459992e-01
2.123517972614067939e-01
2.549786485771387556e-01
2.583119328760549727e-01
1.963756732026692708e-01
1.233226670049853146e-01
3.208821093286292614e-01
4.040037229731348323e-02
4.762537587563708819e-01
7.158077988433924066e-01
2.469777736898410014e-01
2.274549168747047323e-01
2.860607293882442281e-01
4.226232636099283013e-01
3.581990121483281664e-01
4.452666798880826615e-01
2.508473526056852476e-01
5.569149896944360911e-01
2.577929107631462546e-01
3.815915455090952979e-01
4.348363475676353396e-01
3.673037891820380429e-01
2.164243757619927488e-01
6.323476923415716211e-01
4.326163587567106172e-01
2.150706917885863156e-01
3.339696423426622429e-01
2.062786370462859620e-01
2.850364713884701029e-01
1.431303041790243369e-01
7.601355519632635449e-02
5.346786880339059467e-01
1.647941353680643373e-01
3.355369889662307425e-01
3.603872054863907493e-01
3.513961007983615326e-01
5.994985065114882827e-01
6.958161666295067382e-01
4.933897253429942453e-01
7.850008557341598969e-01
6.398000143129320971e-01
5.776483700117371889e-01
6.946349780186937828e-01
4.226038987068697073e-01
3.414022796312173313e-01
5.133782546986399575e-01
3.305875739675490643e-01
3.814269896025932471e-01
4.473106531058613222e-01
4.097228124832847929e-01
4.375519381020031573e-01
4.390843542979886438e-01
8.801556901991929305e-01
4.027705336366538269e-01
7.511299212410078585e-01
6.333385272047725723e-01
7.797978062033351643e-01
8.700982612612547795e-01
8.300510994858480984e-01
4.693494064612522831e-01
6.272178087158918336e-01
6.038220800910802932e-01
6.360003242144233182e-01
9.297900149987246010e-01
4.948175251082496118e-01
8.501204304948382084e-01
4.657633504442409422e-01
4.934846366041979460e-01
5.047957669796758751e-01
5.717340179944409018e-01
4.243103111827015717e-01
5.807533223061936978e-01
8.416736124225389082e-01
7.857580574428277842e-01
7.110561467570885030e-01
4.810246177356955477e-01
4.290082129403881561e-01
6.324481721217729557e-01
5.761051023922556524e-01
6.274988360248536789e-01
2.490848348776886767e-01
9.018368172287192230e-01
5.924543580542852572e-01
4.806374372252390503e-01
7.809130122801670737e-01
3.916919418654649099e-01
6.008846184264080570e-01
5.480425905553109045e-01
3.887845717025036341e-01
6.864366614470089889e-01
7.107479446434628034e-01
7.123407243530691657e-01
3.874475707523447610e-01
6.933191755178498283e-01
7.156237684068385008e-01
9.292435075953692225e-01
7.087114716569806738e-01
3.955190929694546442e-01
6.768399438752070729e-01
4.143902524597069537e-01
4.431511346884581815e-01
6.804953071806730813e-01
5.926984133571938651e-01
7.799926688265548247e-01
6.924115809963120594e-01
6.278000955269857908e-01
6.343571246888378701e-01
3.091667083604162647e-01
6.797791269486510579e-01
5.264577413567210762e-01
4.889346787856756471e-01
4.473106531058613222e-01
6.983652614008696302e-01
5.366508314898743581e-01
5.600059176566811736e-01
4.996833979607864795e-01
5.037368496983870569e-01
2.538800115497007459e-01
7.723049098675659474e-01
4.444255960555212881e-01
8.205172696857030434e-01
4.776432360126754428e-01
4.342708989970332500e-01
5.426873138948266062e-01
3.815915455090952979e-01
7.180993010475756888e-01
7.053001061437355057e-01
3.121035612905634915e-01
1.997486972817627271e-01
7.132470362085793214e-01
3.756922313188552631e-01
6.662958718121076984e-01
7.741015847170653608e-01
5.048023750956164291e-01
5.900373054600749345e-01
3.900867668751661910e-01
7.158284973837985010e-01
1.960206855128530934e-01
6.522205991462211028e-01
3.230666735048562943e-01
2.940831712133077924e-01
3.452599217829789291e-01
4.473106531058613222e-01
2.035139584171463956e-01
2.655681260444643366e-01
3.122265619426568550e-01
3.902399186689793353e-01
3.042568001874321193e-01
7.499248692766541380e-02
2.619641491646735876e-01
3.431340877188110983e-01
3.721689480538635797e-01
2.917516863250624870e-01
2.820901668091486125e-01
3.411678968896404429e-01
5.615644526954730598e-01
2.649863984035317199e-01
4.497362992252885716e-01
4.642513334956103188e-01
2.303564312109767087e-01
4.706825572524745982e-01
5.437724905920848784e-01
5.037908372568818960e-01
5.097920616073551292e-01
3.777076562571653473e-01
2.979896378481007857e-01
6.100237776304548998e-01
4.220323218289216416e-01
3.822876810004352532e-01
4.559546440775584242e-01
3.838430880554117852e-01
4.473106531058613222e-01
6.189728536892896704e-01
2.505351514406415903e-01
2.854724794843049862e-01
1.566696704675097362e-01
3.137461488018821743e-01
4.609739303969196955e-01
2.905383532527399670e-01
1.821140343824674268e-01
2.426764904113443977e-01
1.772077640577822133e-01
4.529427183643665034e-01
5.767574281577296791e-01
6.263141826742938401e-01
5.861015024945510632e-01
3.642512618500670096e-01
4.342900451644858828e-01
3.104074225708953194e-01
2.106669331318390681e-01
3.064294906396779483e-01
1.808562149127311280e-01
4.157252078562429509e-01
4.293429424784925841e-01
2.852960913891717243e-01
3.723050959481361000e-01
3.584331378580644101e-01
1.248928273275456413e-01
1.686378060558930969e-01
5.316040929143578397e-01
4.400427011211237582e-01
2.212060180634168871e-01
5.709518804748150433e-01
5.248332391291747889e-01
2.484154185756135280e-01
4.792425145736042280e-01
5.143848574966660703e-01
3.587538181568320494e-01
4.166733236235414251e-01
6.088555161846911368e-01
4.266651114970363423e-01
5.086154284275119508e-01
5.094205149498201024e-01
3.537558229471802207e-01
4.872818835955443628e-01
1.384224499001495412e-01
5.058970455718289072e-01
2.199065831722592512e-01
4.260758795016408307e-01
3.954123305711024217e-01
4.967698739347545800e-01
3.822876810004352532e-01
4.345127101344545273e-01
9.104334094482625928e-02
3.153181159247088750e-01
2.443389799115937289e-01
3.413421145302787951e-01
4.518594925076029889e-01
3.902168566324675236e-01
4.558225294037758779e-01
9.359011148638761712e-01
4.897331229092715121e-01
4.602123182501779430e-01
2.558121994904979934e-01
9.531583858676338783e-02
4.070921298056384141e-01
4.755450212466348359e-01
8.973005050734597088e-01
7.725423887922411303e-01
9.359011148638761712e-01
4.104109962754018404e-01
4.751332063044500509e-01
5.248251685356032370e-01
8.892850918350976297e-01
6.261295707277821920e-01
7.630239346874690964e-01
4.220462376225290191e-01
6.613812084124524038e-01
7.669128859950170574e-01
5.409153099214459859e-01
5.733549746156667570e-01
3.894204981543916144e-01
5.701628624471256623e-01
7.629693482504963375e-01
6.315489386687480611e-01
6.966000535140374206e-01
4.794527124111383487e-01
6.635192189735507062e-01
7.123697293643671546e-01
5.457297090251598259e-01
5.291415491747976096e-01
7.820196355212235551e-01
6.997840542591587942e-01
2.654876776185322029e-01
7.803573546644846370e-01
6.817920025510704196e-01
9.628507048538551549e-01
2.719692056851015227e-01
8.997993258136187666e-01
5.028722488956612890e-01
7.016863991731370209e-01
5.433286316128417281e-01
3.160756600764902946e-01
5.511023003064309256e-01
2.851642733015091746e-01
6.587093474320230291e-01
8.459822125523585035e-01
4.173203113919567997e-01
5.542192469192274151e-01
8.391526522762068341e-01
9.359011148638761712e-01
6.837167926501864779e-01
6.807858018653538679e-01
7.689686284029585428e-01
4.554766133532492933e-01
9.897434128678455068e-01
8.613537303156095781e-01
2.505351514406415903e-01
1.783048725862366457e-01
6.497836384011755895e-01
9.370258166449516590e-01
4.253578393363349752e-01
8.889147947579172371e-01
8.591696577526332090e-01
7.975193113373338916e-01
4.827928635015933945e-01
3.822876810004352532e-01
5.887029955661732261e-01
8.572266579296037303e-01
8.824180145591157265e-01
5.950836490767732467e-01
8.042335900015243899e-01
6.910028099259426515e-01
5.883274863558032308e-01
7.958068434589443685e-01
7.875893147486197066e-01
5.232552545589080895e-01
9.897434128678455068e-01
5.522953045069984856e-01
4.361156752895329336e-01
3.051388973341099264e-01
4.473106531058613222e-01
3.963263936202020554e-01
4.229355344199248190e-01
7.779983368883615080e-01
6.354362367739495587e-01
8.004652604414320693e-01
9.368694070561220943e-01
4.421979288059837421e-01
7.139117922124277316e-01
4.911537443207225628e-01
6.273766985118568451e-01
7.746769132952804338e-01
7.775208452136148640e-01
9.359011148638761712e-01
9.506491977512460112e-01
4.848514856799382988e-01
2.888943261789509442e-01
4.460448881537614207e-01
7.106287360831018418e-01
5.709984771854309527e-01
8.824167450595659101e-01
8.522950655624860206e-01
6.600741814374267991e-01
8.169454229994425054e-01
9.371758375190633039e-01
6.230115228866089927e-01
