6.608771752901627661e-01
4.997827217458757354e-01
5.475271270160288195e-02
5.048207317563103702e-01
6.322743098095583436e-01
1.157825045142795162e-01
1.683177894142539044e-01
1.737762497387505822e-01
6.270862029550062777e-01
3.744929782883140712e-01
5.609729535368938036e-01
3.672655278432804260e-01
6.283378631134750592e-02
4.984873712123751854e-01
2.700168523167333912e-01
1.256017177861692702e-01
2.836244610611685438e-02
1.557693909278976274e-01
2.473755898296458589e-01
4.593072486815311106e-01
4.042091324530565077e-01
8.100137148903631124e-01
1.091338031600058017e-01
3.692877253657149694e-01
1.865911419135023730e-01
3.282007309149624352e-01
1.010401384444430256e-01
4.244926558871908728e-01
1.668222655158474732e-01
6.110444448686850327e-01
3.650816943720590069e-01
3.160714143414808941e-01
3.191882052453146601e-01
1.068337671723705307e-01
3.223640326553514068e-01
1.773431740574084869e-01
3.175269022992355805e-01
4.699749400627122320e-01
8.175712683019505933e-01
7.648781607726274911e-01
9.684052062953417417e-02
7.778141274939949501e-02
4.456593506040675279e-01
1.310208476885936224e-01
5.924085660740916470e-01
2.441851956437970927e-01
5.874373242491145453e-01
2.710946960921361559e-01
1.033843895494408055e-02
1.668222655158474732e-01
1.191682388574301504e-01
1.858544165277799809e-01
8.508892593655480452e-01
7.370247846951520909e-01
3.909574254911168945e-01
2.705196983716990911e-01
1.468895593933123023e-01
4.178487515292455406e-02
5.563561272986135009e-01
7.450172470362796673e-02
2.076415225501200557e-01
2.468883789463855172e-01
1.191682388574301504e-01
9.915415872771139727e-02
2.515518465407837190e-01
6.492651103343376195e-02
9.563894258541848215e-02
9.006743602333867615e-01
2.681832868186459495e-01
1.587595044147968593e-01
4.244926558871908728e-01
4.244926558871908728e-01
2.363878797648354124e-01
1.810485434132898808e-01
4.692702155314110724e-01
2.311749613735318287e-01
2.800865202872823145e-01
4.037562259151480926e-02
3.293888602438077018e-01
6.804964688424772756e-01
2.762732430538918371e-01
1.723673602642868952e-01
1.283812071104277752e-01
3.781834523383415525e-01
1.363643975213789036e-02
1.978465847056062599e-01
1.128493830499247008e-01
4.494881364220447151e-01
2.923998192496967685e-01
4.261980105700630683e-01
2.613079253148797854e-01
2.567501363186241448e-01
2.416245536333163635e-01
6.319398393793680679e-02
7.442785810179384232e-01
6.448407529851724052e-02
2.385625800445988487e-01
2.414021423369247799e-01
2.828243848843624564e-01
7.526550197709718226e-01
9.935745364503094645e-01
5.750685083292964572e-01
4.416949602179379708e-01
8.626624090667819322e-01
8.163095328460193145e-02
9.182352889838516496e-01
8.850411886465299194e-01
9.497947623102372949e-01
7.185178495817627908e-01
3.885727481990709498e-01
6.957514659980030824e-01
2.900528346721971129e-01
9.281118956169677192e-01
4.586386376995320036e-01
5.220391060228851687e-01
7.892531183387505589e-01
8.279906246752201104e-01
9.510352677375812913e-01
4.670781018500704818e-01
4.029632109086104252e-01
4.253411895370651230e-02
5.254342436731287425e-01
2.569332196656175515e-01
9.426596532582768306e-01
9.295887511701578232e-01
9.742256725458080524e-01
6.942596841129987650e-01
7.922734273090338286e-01
9.634341499816393428e-01
3.519849515097065451e-01
9.955504327560172895e-01
8.009143313901804229e-01
5.300673469783639957e-01
9.729991787934914038e-01
9.897258440389667955e-01
3.554174431897292319e-01
2.640346293561319224e-01
9.172013883186234118e-01
7.921747083072641082e-01
9.630077661136398071e-01
9.611857932738868682e-01
2.087413386471099197e-01
6.634767066250942813e-01
9.229666718633519062e-01
8.239795171920639705e-01
7.362074870023666007e-01
2.061825936995729802e-01
4.446677739452281619e-01
9.942430169072816737e-01
8.342579483658304484e-01
9.998694498354712135e-01
9.925236361022429232e-01
5.218160385073570273e-01
7.356640265026894721e-01
6.595550864230611543e-01
4.463023591325135375e-01
8.600248838675195184e-01
8.951390345063175991e-01
9.743462684720390898e-01
8.805931682330983001e-01
6.695179285056594987e-01
6.015389534487717293e-01
6.859736878312540087e-01
9.532469443010225252e-01
8.955881004751145014e-01
6.869110044824701111e-01
7.362340346928891721e-01
2.716364645646741627e-01
5.746504853003963076e-01
4.404864462380041479e-01
3.155414710163039205e-01
4.848041182574546748e-01
6.389301741255102307e-01
6.239311818785667763e-01
3.260143575638802527e-01
9.927972224047864058e-01
6.800512597948915605e-01
4.526471523090315197e-01
8.912702512400952903e-01
7.929265414499331310e-01
8.930295712932790897e-01
6.859038776277950333e-01
7.261783089960863746e-01
8.906763718792871654e-01
9.422917810549307216e-01
9.021826163790654940e-01
8.896063717091168277e-01
9.336591815833285013e-01
8.063404243774155988e-01
7.991051850917842980e-01
8.899443795942965085e-01
6.110275679465734244e-01
4.898425984325753269e-01
9.594919735734128707e-01
8.113679729895482140e-01
8.475510384996463031e-01
3.946569475470126931e-01
7.036013722269115478e-01
3.990118788790049664e-01
8.748957223801241412e-01
5.307854505688427288e-02
6.500372187403402613e-02
1.375516785556446242e-01
5.792578085820684342e-01
1.870738528186096511e-02
1.756864528523608415e-01
9.655816464048953829e-02
1.467384991158905781e-03
1.738670133794744110e-01
2.479577181077863568e-01
2.227462894937544402e-01
2.227961120337475232e-02
5.906765364319910283e-01
3.429304764179532672e-01
5.491559845948325025e-01
3.340191971957046646e-01
7.837594931889454442e-01
4.613428266027745361e-01
3.794726020828191326e-01
8.905052074502577131e-02
4.697270288704664259e-02
1.364600743097472979e-01
5.489667254452406109e-01
2.858777711642659369e-01
6.167149267239976917e-02
2.603370996866269382e-01
1.728522658642283466e-02
2.613080219809207905e-01
2.833021182725646292e-01
2.925823469896553508e-01
6.476634791970919958e-01
1.344436304592917519e-01
9.020621675413931229e-01
3.373110418161610613e-01
2.842215906955264937e-01
1.379841294089688974e-01
5.698064584357227791e-02
1.595111821749943259e-01
3.274703600468726883e-01
1.318306987306675782e-01
8.701321689519590785e-02
6.366529814541269094e-02
4.913838978139873359e-01
3.557686165826097436e-04
7.068304355835066666e-01
2.179560896574612647e-02
2.001016875373438364e-01
2.291478695644200234e-03
9.619064708972904776e-02
4.229777389585313574e-01
3.896494311582699988e-01
7.562582677332033709e-01
4.339699039252488122e-01
1.131852524624510914e-01
3.669733069214595189e-01
1.455960107267337822e-01
2.676886736169511449e-01
1.250438333022311499e-01
1.187689577944414099e-01
6.114866100637668112e-01
2.771280595870713737e-01
1.595931784170871726e-01
4.152888130797914301e-01
1.586049719577159456e-01
1.367319606568823120e-01
2.636465301872353839e-01
1.778203129512119784e-01
1.635195459189925926e-01
6.338745717025111304e-02
3.450882270658091611e-01
8.833456785453538962e-02
4.592338585013941432e-01
7.896001096475483427e-01
1.599422860544379432e-01
9.211221779247051600e-02
1.408955250156390115e-01
3.479778397683784830e-01
2.097673587336945644e-01
3.856405512743810715e-01
2.274471818658320155e-01
5.060654282453266317e-01
2.129942415163158520e-01
3.188585072844390966e-01
3.995734168252049745e-01
2.467825462278460114e-01
1.359081390554916779e-01
6.284976084569579013e-01
3.687488178925371618e-01
1.487520250380543752e-01
2.386446278814758903e-01
9.133820218904072086e-02
1.539014031516409420e-01
7.486408114006963543e-02
5.121087195165444778e-02
5.828694169095619548e-01
1.585825176659238500e-01
1.432580967092879631e-01
3.186634829641331601e-01
3.691618280716544853e-01
6.016560835057940260e-01
7.536831541882000884e-01
4.653700364154558788e-01
9.322678563616424441e-01
7.081782122708276672e-01
7.596082056922034420e-01
9.563113662488575972e-01
4.345800886833824928e-01
7.746536108868182224e-02
4.250051577321188878e-01
1.667732917496361766e-01
4.500149255881649712e-01
4.957358787811864120e-01
3.904073235737769432e-01
5.550187039447066484e-01
3.810217093512056619e-01
7.806769897360607002e-01
4.871475206452292039e-01
8.842249999418317907e-01
7.599142419957685135e-01
8.682096060248211122e-01
9.307100340561889062e-01
9.816761723975502285e-01
5.908824301635317022e-01
7.171519418447256378e-01
5.948286834740736939e-01
7.138587089106489536e-01
9.905990486199377498e-01
5.464749438417438876e-01
9.607306603725522809e-01
5.068259029825932238e-01
4.678950015772631588e-01
4.785144160565296678e-01
5.563021086860762132e-01
2.338123152050436693e-01
5.700807122487950851e-01
9.915582654137808927e-01
8.745494920111834825e-01
8.365660802557991493e-01
4.525197361235099858e-01
5.230981920259709650e-01
6.544043892546732577e-01
6.007291169987675206e-01
7.981480866881498493e-01
1.884308367838405662e-01
9.335960887495312610e-01
6.769220206854643651e-01
4.546700673677336324e-01
7.500958449157342223e-01
1.403809321677111643e-01
7.222291646280823985e-01
6.043041133451296787e-01
3.852423853757316885e-01
8.482056419564156791e-01
6.621614827285305926e-01
7.461230926932572727e-01
2.937990445804435358e-01
8.055027763712314659e-01
8.656213978910637374e-01
9.658262201412383119e-01
9.397044668455004635e-01
3.472360924246450931e-01
8.965869089441134143e-01
4.069180044837591992e-01
5.371849431075327308e-01
6.721589527828586430e-01
7.399642745474875882e-01
9.517569969116348449e-01
8.474651712736080977e-01
5.931609817597368606e-01
6.587399471108753568e-01
1.199430713642582469e-01
7.880474416526016546e-01
4.897341121546183729e-01
5.033679380288831329e-01
4.244926558871908728e-01
8.464916435704353814e-01
5.685932853570236922e-01
4.058132859401414883e-01
6.669147024776199695e-01
5.739628808528025594e-01
3.274783909018531003e-01
9.115581684428887277e-01
5.574750131677546072e-01
9.807159145207924311e-01
5.004520492804370724e-01
6.109514155595094920e-01
4.817258305240606497e-01
3.188585072844390966e-01
8.961245540385754937e-01
7.749488843079114231e-01
2.768223140394178161e-01
2.389990031725295339e-01
9.239916991841220506e-01
4.978153054151414625e-01
7.177568474431423873e-01
9.711386794442701254e-01
6.397001220460079018e-01
6.444174072820146870e-01
2.410789872803557055e-01
9.013951566428640705e-01
1.212535743443863279e-01
6.125145974248931147e-01
1.346388601470522584e-01
2.962207468219419937e-01
2.509868366750786506e-01
4.244926558871908728e-01
9.715204648392819498e-02
1.362803178315734332e-01
1.977211961487396474e-01
3.351043379086066643e-01
2.840403840490543508e-01
5.645834265156698950e-02
1.823232574547528628e-01
3.018731352979201477e-01
3.451143024454690345e-01
4.205002447636631002e-01
2.731372809030948035e-01
1.780643466067707292e-01
5.957214691867438461e-01
2.733411055073280971e-01
4.056628296094917374e-01
4.172534390303876961e-01
2.196441873802339462e-01
4.488899822794659711e-01
5.715849838459585719e-01
4.652075427657115236e-01
5.216975728666426448e-01
3.636925332035066960e-01
2.674282277535773855e-01
7.400830359764930533e-01
3.983609287347329442e-01
4.291370601484492120e-01
4.236319272813293679e-01
3.912722536528345785e-01
4.757673986758662044e-01
6.770635938239106810e-01
2.676856642418588561e-01
1.256366529809531674e-01
6.460644516412741845e-02
2.500440140011598311e-01
3.306837679819537579e-01
3.461386436878576833e-01
7.363280235738753343e-02
1.142934986720638563e-01
9.563344636841188129e-02
4.245618584213743940e-01
6.053939341502997395e-01
6.723745417481836739e-01
6.389601188822877642e-01
2.701214394261393092e-01
4.215189912904701020e-01
3.484143129218538193e-01
1.444596854630355309e-01
1.583572452807402720e-01
5.426918166727139753e-02
4.630517886726392973e-01
3.678021687986736676e-01
2.861807832490278480e-01
2.886339147502801628e-01
3.347343483818814858e-01
1.003316294015368093e-01
1.290143162982315128e-01
5.439151036310735376e-01
3.695366043577266724e-01
9.347461334264399457e-02
7.116506678116819584e-01
4.644354800163851271e-01
1.860174916756175689e-01
4.025850678415404671e-01
6.605030078200092580e-01
1.322668012386291891e-01
2.777541304098568031e-01
6.990590221361085987e-01
4.544912613583201311e-01
4.577669776346026120e-01
6.894152798926711512e-01
2.187653125635543871e-01
4.365831420066621504e-01
8.048662624375856056e-02
4.990537168861414186e-01
6.533398160945461108e-02
3.130438740732618963e-01
5.191834762304379236e-01
5.038174367416017319e-01
3.404221326040429152e-01
3.003123782001109743e-01
1.836403946463546072e-02
2.720625004609099618e-01
1.939531025187904711e-01
2.199388852693248686e-01
4.956680881643472647e-01
3.349675078169469522e-01
4.000965056251397645e-01
7.822858459118066099e-01
4.721950675641571893e-01
4.217007749970307917e-01
7.704594776104574383e-02
1.201600100134745247e-01
3.085459580316704531e-01
4.702709959160331077e-01
9.848894594939873182e-01
7.955548227583408849e-01
8.100137148903631124e-01
1.416677006113908899e-01
3.270505345660830177e-01
4.948926669918272681e-01
9.326170436515363038e-01
7.498329688145504157e-01
9.357806099367752539e-01
3.149133821191258953e-01
7.038418548730106528e-01
9.501179587526037418e-01
6.966316211898635480e-01
7.082447102450959431e-01
3.353197455839370122e-01
7.090415450096901884e-01
8.257582268657789326e-01
6.960188123899406776e-01
6.401656764914960274e-01
5.800238444259354642e-01
7.061286683795917618e-01
8.411539747480095697e-01
6.124914016297412500e-01
3.986307428245711715e-01
8.764259772805255144e-01
9.257049713048939310e-01
6.107501109827226382e-02
7.722359231572678562e-01
8.432746395148026375e-01
9.990250429907234775e-01
2.372717277898017119e-01
9.374110316969567203e-01
4.346147934357464937e-01
8.569102312107871322e-01
4.016017915527546056e-01
3.941247274613629004e-01
4.988209937178919584e-01
2.961822042902443886e-01
6.627150106653664219e-01
9.699108729062020373e-01
3.989368511187948996e-01
8.085442570236461846e-01
9.590311686626453724e-01
8.288027865584470799e-01
7.776869886810933163e-01
7.430971319148295118e-01
8.759095518251537316e-01
4.140809932156324091e-01
9.344996891381229798e-01
9.946037024494931433e-01
4.545616134484700144e-01
7.242900686690351142e-02
7.663471326071363832e-01
9.471825429944402686e-01
5.123639074613441924e-01
9.698309772274850138e-01
8.285754328978043315e-01
7.786468419081925552e-01
5.091859107647326299e-01
4.481295423029296177e-01
6.034476513781520390e-01
8.255535819265336084e-01
9.851122334061174213e-01
7.726570302979905991e-01
9.825706640957339033e-01
8.944829758811754239e-01
6.059989045674363251e-01
9.035222569721639285e-01
8.894781976547040392e-01
4.791579427374583200e-01
9.120379688801263374e-01
5.381198607323305350e-01
2.561779483886238440e-01
2.257197609701765417e-01
4.244926558871908728e-01
3.058909715679997143e-01
6.782337467796786257e-01
8.337349094262798133e-01
7.895635647695098402e-01
8.308590438268699252e-01
9.217466721746433445e-01
3.274099188946149042e-01
9.317202658980292540e-01
4.514282605529696402e-01
7.204387596059734777e-01
9.375181447532698886e-01
7.951545618167602525e-01
8.100137148903631124e-01
9.179490623970274488e-01
4.452491666479913568e-01
2.282893942370293472e-01
4.371107072891393108e-01
7.813631086332255560e-01
5.780827469723266443e-01
8.608326874656336836e-01
9.261221102752607015e-01
6.755494560334923682e-01
8.794719388080275424e-01
9.970298155238708215e-01
6.858174206466375322e-01
