6.625597100782329996e-01
7.278917887667887276e-01
1.449088917152761002e-01
4.629239063909823537e-01
3.813079025581364578e-01
5.583944373074609113e-02
1.106929110761977197e-01
3.052382709554976037e-01
4.550000000000000155e-01
5.546961644781193135e-01
4.430301668806161941e-01
2.899999999999999800e-01
1.000000000000000056e-01
2.665413533834586346e-01
2.820566759528619349e-01
1.823436853002070313e-01
1.499999999999999944e-02
2.000000000000000042e-02
3.549999999999999822e-01
3.646161471151216915e-01
2.838208958937337711e-01
6.996611444111442424e-01
1.494466506851553633e-01
4.918452140394864447e-01
1.878929396227016768e-01
1.690751064157854089e-01
1.937404538438164403e-02
4.129022799615711947e-01
4.908333333333333298e-02
3.910011344299489378e-01
6.944956826832111574e-01
0.000000000000000000e+00
4.967263767448995559e-01
7.124999999999999389e-02
3.384624612004297206e-01
2.833333333333333190e-02
5.626305994095751606e-01
1.961525189786059442e-01
6.996611444111442424e-01
6.216944444444444384e-01
1.617960093993719983e-02
2.149509803921568693e-02
4.073913043478261109e-01
2.317317756167143750e-01
3.840688585188868909e-01
1.739419566957469687e-01
7.066535188667539824e-01
1.650000000000000078e-01
4.499999999999999833e-02
4.908333333333333298e-02
1.636015574011682738e-01
1.664752043384180591e-01
9.599999999999999645e-01
9.720232749152571960e-01
3.072789498214761883e-01
2.784930432961617575e-01
8.500000000000000611e-02
1.000000000000000021e-02
7.150779947377390311e-01
1.342009153637060692e-01
1.897422524815293443e-01
2.655720289966860825e-01
1.636015574011682738e-01
3.193548387096774299e-02
4.092855836234444156e-01
0.000000000000000000e+00
8.378787878787878618e-02
8.259444444444445921e-01
7.180555555555555303e-02
1.636607142857142982e-01
4.129022799615711947e-01
4.129022799615711947e-01
3.051785714285715212e-01
3.421250000000000124e-01
3.973921619135121208e-01
2.850088668292189431e-01
4.886140741046603453e-01
5.000000000000000278e-02
3.449999999999999734e-01
3.502300145555868327e-01
1.119756609446925927e-01
1.519767441860465085e-01
1.115000000000000019e-01
2.099999999999999922e-01
2.500000000000000139e-02
4.156646597379109326e-02
1.400000000000000133e-01
2.194532850928731793e-01
7.000000000000000666e-02
5.800597100782328708e-01
1.343822457681177474e-01
1.028333333333333321e-01
4.283333333333332882e-01
1.309440633194785923e-02
8.493373015873016962e-01
2.372221814677478655e-02
2.428124999999999867e-01
2.996428571428571552e-01
3.798583250749207885e-01
6.149999999999999911e-01
9.762857142857143122e-01
6.625481977084208829e-01
2.641042780748663055e-01
9.949999999999999956e-01
4.000000000000000083e-02
9.775000000000000355e-01
9.599999999999999645e-01
9.250000000000000444e-01
2.979047567627375881e-01
2.124999999999999944e-01
7.449999999999999956e-01
3.099999999999999978e-01
9.849999999999999867e-01
1.775307219662058122e-01
9.949999999999999956e-01
7.550000000000000044e-01
7.180397932170862196e-01
1.000000000000000000e+00
5.092609940533652235e-01
3.980326717856129126e-01
1.499999999999999944e-01
7.950000000000000400e-01
1.073106105714258934e-01
9.899999999999999911e-01
9.849999999999999867e-01
9.699999999999999734e-01
9.066185403892775829e-01
9.944545454545453689e-01
9.799999999999999822e-01
9.627648298636935775e-02
9.549999999999999600e-01
7.234116365442708751e-01
8.769144736842104937e-01
8.649999999999999911e-01
9.649999999999999689e-01
7.583857316979444874e-02
3.736435967956619475e-01
9.649999999999999689e-01
9.688127893316941242e-01
9.370000000000000551e-01
9.799999999999999822e-01
1.539761376248612867e-01
4.406861827872190496e-01
9.549999999999999600e-01
9.799999999999999822e-01
8.449999999999999734e-01
1.684209115453940975e-01
4.249999999999999889e-01
9.899999999999999911e-01
9.170863987926805017e-01
9.350000000000000533e-01
9.394285714285715017e-01
6.063036565977741876e-01
7.700000000000000178e-01
4.967666318686085880e-01
2.600000000000000089e-01
8.209444444444445876e-01
9.849999999999999867e-01
8.692203898539024864e-01
9.370000000000000551e-01
5.496101590051885033e-01
6.099965921272262337e-01
9.460445537694013307e-01
8.449999999999999734e-01
8.499999999999999778e-01
5.725000000000000089e-01
9.000000000000000222e-01
1.703144829323749165e-01
8.650158730158730158e-01
6.418421052631577695e-01
4.956193419028783742e-01
4.789868388781380881e-01
5.131712462286076581e-01
8.117777777777778203e-01
2.115540426135391894e-01
8.750000000000000000e-01
3.950000000000000178e-01
5.110833333333332229e-01
7.430434782608695832e-01
5.220370370370370772e-01
9.949999999999999956e-01
5.513066067947276494e-01
7.670216727716727689e-01
9.549999999999999600e-01
9.649999999999999689e-01
9.549999999999999600e-01
9.812499999999999556e-01
8.683333333333332904e-01
7.687857351480809065e-01
9.734627829155144685e-01
9.350000000000000533e-01
7.850000000000000311e-01
2.839512195121950966e-01
9.683333333333332682e-01
8.021052631578947656e-01
9.275436507936507535e-01
5.529286652998497420e-01
8.964298081933774753e-01
1.137203401986683765e-01
9.552908067542213999e-01
2.500000000000000139e-02
8.804347826086957041e-02
2.547218317532963239e-01
3.924692573680034768e-01
2.587515864696097317e-02
1.247916666666666619e-01
2.999999999999999889e-02
6.500000000000000222e-02
1.580000000000000016e-01
5.179146421499760677e-01
1.820079147094210703e-01
3.966213251426064373e-02
5.097074903963896286e-01
5.189705882352941835e-01
5.200000000000000178e-01
2.051900968015113180e-01
8.571031746031745335e-01
1.751117886178861494e-01
2.975051535765821931e-01
7.499999999999999722e-02
7.000000000000000666e-02
5.170731707317073600e-02
6.849006238859179918e-01
4.728608257639012047e-01
1.950000000000000067e-01
1.499999999999999944e-01
4.499999999999999833e-02
1.849999999999999978e-01
3.932084777223610605e-01
4.000000000000000083e-02
5.475531914893616570e-01
1.418889034233221103e-01
9.849999999999999867e-01
2.800000000000000266e-01
2.816534552845528228e-01
1.060701175556856904e-02
1.000000000000000021e-02
3.699925356506238994e-01
4.129022799615711947e-01
1.849999999999999978e-01
4.000000000000000083e-02
0.000000000000000000e+00
7.852341269841270899e-01
2.374949719211179311e-01
6.359920634920634974e-01
3.633474167397144905e-01
1.651624404581678029e-01
5.500000000000000028e-02
7.344577928880254535e-03
2.469403551531211272e-01
2.574149093221016482e-01
8.850000000000000089e-01
4.969636620119002868e-01
4.575363187457447134e-02
2.949999999999999845e-01
7.000000000000000666e-02
2.897500000000000075e-01
7.093196243176685956e-02
1.150000000000000050e-01
6.103452380952381073e-01
2.870783532166828467e-01
4.123861311057828299e-02
2.824701187365503130e-01
1.600000000000000033e-01
2.207317073170731586e-02
3.328822327915411661e-01
1.263095238095237882e-01
3.200000000000000067e-01
0.000000000000000000e+00
2.536748099523231659e-01
5.000000000000000104e-03
5.025217391304347414e-01
4.424468085106383342e-01
1.820225563909774191e-01
2.600000000000000089e-01
1.100000000000000006e-01
3.336437613813469927e-01
3.774479166666667163e-01
3.653871289346878326e-01
2.226666666666666516e-01
9.300000000000000488e-01
2.000000000000000111e-01
8.002907397392248212e-01
6.350000000000000089e-01
3.099999999999999978e-01
5.631009211849590662e-02
5.939173967459323578e-01
2.200000000000000011e-01
1.264933726885295040e-01
4.499999999999999833e-02
1.700000000000000122e-01
8.956573918740609597e-02
1.094831013976304279e-01
9.500000000000000111e-02
5.359029862235327180e-01
1.000000000000000021e-02
1.504915795586527216e-01
3.705882352941176905e-02
2.671632923371470292e-01
5.200000000000000178e-01
7.014705882352941790e-01
2.520996994579494666e-01
9.749999999999999778e-01
7.270680206318503869e-01
8.549999999999999822e-01
5.849999999999999645e-01
2.300000000000000100e-01
4.444710734968033150e-01
3.599999999999999867e-01
2.392500000000000182e-01
3.790952380952380962e-01
4.129022799615711947e-01
2.817777777777777937e-01
4.199999999999999845e-01
3.550465866812821392e-01
9.899999999999999911e-01
2.364703850769881710e-01
9.460714285714285632e-01
8.422585714637845777e-01
9.046547619047619060e-01
9.849999999999999867e-01
8.499999999999999778e-01
4.699999999999999734e-01
6.846086606869447033e-01
7.199999999999999734e-01
3.158036596773263760e-01
9.749999999999999778e-01
1.791223070983434251e-01
9.300000000000000488e-01
2.321097236097235950e-01
8.555454545454546089e-01
5.799999999999999600e-01
4.663980001703679767e-01
5.000000000000000000e-01
5.752156657722121702e-01
8.699999999999999956e-01
8.865595238095237418e-01
9.549999999999999600e-01
4.225282414325752245e-01
4.600300501199368064e-01
8.947557114932024325e-01
6.726460198397772317e-01
8.249999999999999556e-01
1.499999999999999944e-01
8.850000000000000089e-01
7.701592517694640927e-01
3.646521745407718118e-01
9.328386898651573889e-01
4.440030030030029384e-01
8.050000000000000488e-01
4.964391695250893188e-01
1.916383915468528876e-01
8.425595238095238138e-01
6.499057923591837760e-01
9.100000000000000311e-01
3.688820449548994573e-01
9.237398373983739530e-01
8.626638683969740651e-01
9.749999999999999778e-01
7.399999999999999911e-01
6.149468085106382098e-01
9.300000000000000488e-01
6.208396852538674571e-01
2.718421052631578849e-01
5.250000000000000222e-01
8.000000000000000444e-01
9.304166666666665586e-01
8.013028308465465210e-01
5.814705882352941835e-01
7.772236340955663847e-01
2.781948342616168413e-01
6.863965820883984881e-01
1.962500000000000078e-01
3.800000000000000044e-01
4.129022799615711947e-01
8.390564784053157199e-01
4.401213657913113919e-01
7.270065797620920423e-01
5.814166666666666927e-01
6.949999999999999512e-01
2.245357142857143384e-01
8.900000000000000133e-01
4.532087820715869353e-01
9.699999999999999734e-01
1.650000000000000078e-01
4.354856864312284803e-01
8.285424525591467138e-01
8.002907397392248212e-01
7.399999999999999911e-01
8.866712221737944599e-01
1.339872189357529109e-01
5.131009211849590218e-02
7.918333333333333890e-01
3.711874755189972230e-01
6.600000000000000311e-01
8.864864864864864247e-01
3.750000000000000000e-01
5.092088222339353765e-01
3.841137231381787642e-01
7.600000000000000089e-01
2.073170731707317180e-03
9.949999999999999956e-01
1.199999999999999956e-01
6.144286602310956164e-02
2.650000000000000133e-01
4.129022799615711947e-01
1.355000000000000093e-01
9.882163742690058816e-02
1.367777777777777759e-01
2.600000000000000089e-01
3.885950119632943234e-01
4.000000000000000083e-02
7.177777777777777368e-02
2.583495105128778002e-01
3.663064076148275228e-01
1.217857142857142888e-01
3.856339638200886322e-01
4.650000000000000244e-01
4.668053772170866478e-01
1.619583333333333153e-01
4.341576978764479233e-01
3.157803848327103147e-01
7.708333333333333703e-02
3.673342283536480402e-01
5.018611111111109802e-01
1.318813255008968732e-01
4.288260501355013465e-01
3.297993367785904684e-01
9.645833333333334036e-02
6.825531914893616658e-01
3.222536759542403151e-01
5.625000000000000139e-02
1.915259740259740440e-01
5.350000000000000311e-01
4.129022799615711947e-01
8.050000000000000488e-01
0.000000000000000000e+00
3.271428571428571797e-01
7.624999999999999833e-02
2.700000000000000178e-01
2.894951277237166054e-01
1.049999999999999961e-01
1.012500000000000067e-01
1.600000000000000033e-01
2.500000000000000139e-02
1.281929608113771546e-01
4.661592692586644660e-01
5.515950463391433578e-01
4.984612147889458944e-01
4.199999999999999845e-01
4.123404255319148559e-01
7.624999999999999833e-02
2.969866167559274128e-01
2.436942749275336217e-01
3.500000000000000333e-02
2.669442440708570952e-01
4.400000000000000022e-01
4.302499999999999658e-01
1.688129328848970712e-01
2.418883279670986097e-01
2.000000000000000042e-02
7.874999999999998668e-02
7.049999999999999600e-01
6.467045454545454763e-01
1.721681888958394024e-01
9.610317460317461258e-01
2.741004365151682443e-01
7.034903072881752706e-02
5.720685954296582665e-01
8.950000000000000178e-01
3.250000000000000111e-01
4.738101789204474112e-01
5.280000000000000249e-01
5.486546320351916028e-01
4.396666666666667056e-01
5.300000000000000266e-01
3.519965157490241858e-01
4.864276004747331572e-01
1.049999999999999961e-01
4.344890123792966574e-01
7.499999999999999722e-02
3.448202039319200329e-01
6.500000000000000222e-01
3.569628410796666929e-01
5.625000000000000139e-02
4.074175377319859681e-01
1.499999999999999944e-02
8.677777777777777313e-02
1.002898656606281552e-01
1.202385678618735770e-01
9.300000000000000488e-01
2.828279344074844381e-01
4.259808691826592053e-01
6.996611444111442424e-01
5.649999999999999467e-01
4.958869849871372359e-01
8.500000000000000611e-02
6.500000000000000222e-02
8.177777777777776869e-02
5.200385338345864250e-01
9.704761904761904923e-01
9.773951284621680280e-01
6.996611444111442424e-01
2.736338888887165366e-01
2.270352191238639017e-01
1.714999999999999858e-01
8.449999999999999734e-01
8.800000000000000044e-01
8.284976076555023994e-01
2.237524724755298178e-01
6.941118762571825140e-01
8.750000000000000000e-01
6.949999999999999512e-01
4.930864960224715654e-01
4.027171200772313164e-01
5.007543547437736109e-01
9.903312629399585454e-01
6.275247779984076679e-01
8.382263780903999040e-01
1.931855686745959366e-01
7.594442514718676707e-01
9.649999999999999689e-01
8.199999999999999512e-01
3.948584905660376676e-01
8.769126984126984770e-01
8.017244793552273929e-01
3.049999999999999933e-01
9.350000000000000533e-01
8.685556226452387785e-01
9.929999999999999938e-01
3.268181818181817855e-01
1.000000000000000000e+00
3.350000000000000200e-01
6.400736573934246998e-01
4.394791666666666985e-01
6.550000000000000266e-01
4.099999999999999756e-01
1.206968985922111243e-01
9.250000000000000444e-01
9.799999999999999822e-01
5.500000000000000444e-01
7.872442597117972340e-01
9.591587301587302106e-01
6.996611444111442424e-01
7.339579635240741640e-01
8.349999999999999645e-01
9.749999999999999778e-01
3.267777777777777781e-01
9.799999999999999822e-01
1.000000000000000000e+00
0.000000000000000000e+00
8.000000000000000167e-02
8.236545570582718412e-01
9.699999999999999734e-01
7.049999999999999600e-01
9.899999999999999911e-01
9.762647603368705962e-01
9.350000000000000533e-01
2.378311743420406243e-01
5.625000000000000139e-02
6.537393162393162482e-01
9.969230769230769118e-01
8.699999999999999956e-01
7.649745641611244151e-01
8.317093023255813788e-01
8.199999999999999512e-01
4.949999999999999956e-01
9.549999999999999600e-01
9.356347270615562595e-01
6.218970612772924955e-01
9.799999999999999822e-01
4.386084905660376787e-01
9.050000000000000266e-01
1.667914874031382888e-01
4.129022799615711947e-01
3.927325017916400984e-01
7.499999999999999722e-02
1.000000000000000000e+00
9.268421052631578005e-01
9.775030987459620846e-01
9.499999999999999556e-01
3.872007548260756882e-01
9.614864864864864913e-01
5.050628132012531246e-01
8.649999999999999911e-01
9.809724952174643242e-01
8.871825396825397947e-01
6.996611444111442424e-01
9.849999999999999867e-01
5.039460018629141613e-01
8.469936189069246502e-02
3.252398439267784602e-01
8.199999999999999512e-01
6.653556189984785041e-01
1.000000000000000000e+00
9.899999999999999911e-01
9.287499999999999645e-01
9.050000000000000266e-01
9.749999999999999778e-01
3.950000000000000178e-01
