4.080474376678466797e-01
4.438815116882324219e-01
4.080474376678466797e-01
4.365274310111999512e-01
2.108117938041687012e-01
3.180528283119201660e-01
3.458733856678009033e-01
2.887394428253173828e-01
3.712408840656280518e-01
4.080474376678466797e-01
3.542342185974121094e-01
3.259549736976623535e-01
4.791843146085739136e-02
4.760304093360900879e-01
4.080474376678466797e-01
2.029786258935928345e-01
8.990405499935150146e-02
2.746354639530181885e-01
2.411399781703948975e-01
4.619148373603820801e-01
4.080474376678466797e-01
7.807382941246032715e-01
1.871197372674942017e-01
3.775332570075988770e-01
3.529889285564422607e-01
3.410564661026000977e-01
6.630130857229232788e-02
4.080474376678466797e-01
2.222055494785308838e-01
4.367390573024749756e-01
4.080474376678466797e-01
3.712408840656280518e-01
3.449384868144989014e-01
3.712408840656280518e-01
4.080474376678466797e-01
2.430401295423507690e-01
5.718215107917785645e-01
4.627943336963653564e-01
7.807382941246032715e-01
4.619148373603820801e-01
6.630130857229232788e-02
2.222055494785308838e-01
4.055257439613342285e-01
2.411399781703948975e-01
4.646032154560089111e-01
4.080474376678466797e-01
5.003293156623840332e-01
3.712408840656280518e-01
3.108228743076324463e-02
2.222055494785308838e-01
1.146357208490371704e-01
2.036311030387878418e-01
9.144253730773925781e-01
7.432762384414672852e-01
4.080474376678466797e-01
2.062428593635559082e-01
6.630130857229232788e-02
5.701236799359321594e-02
4.080474376678466797e-01
9.883566200733184814e-02
3.520423769950866699e-01
4.080474376678466797e-01
1.146357208490371704e-01
1.388192623853683472e-01
3.093926012516021729e-01
8.990405499935150146e-02
3.446500301361083984e-01
7.807382941246032715e-01
1.973348110914230347e-01
1.814465820789337158e-01
4.080474376678466797e-01
4.080474376678466797e-01
3.509268760681152344e-01
3.072724044322967529e-01
4.080474376678466797e-01
4.080474376678466797e-01
4.080474376678466797e-01
6.482435017824172974e-02
3.797945082187652588e-01
3.521434068679809570e-01
4.080474376678466797e-01
3.830683231353759766e-01
1.589116603136062622e-01
2.718131840229034424e-01
1.472152210772037506e-02
2.411399781703948975e-01
8.990405499935150146e-02
4.365274310111999512e-01
2.746354639530181885e-01
4.080474376678466797e-01
2.279486358165740967e-01
4.346638917922973633e-01
5.901440978050231934e-01
1.708696782588958740e-01
7.360935807228088379e-01
1.589116603136062622e-01
2.530473470687866211e-01
2.579487264156341553e-01
4.080474376678466797e-01
7.587980031967163086e-01
9.684375524520874023e-01
3.731974959373474121e-01
4.080474376678466797e-01
8.815761804580688477e-01
2.901085913181304932e-01
9.418570995330810547e-01
9.066139459609985352e-01
9.312783479690551758e-01
4.619148373603820801e-01
4.498381018638610840e-01
7.175422906875610352e-01
4.498381018638610840e-01
8.815761804580688477e-01
3.509268760681152344e-01
4.365274310111999512e-01
4.635469019412994385e-01
7.740471959114074707e-01
9.312783479690551758e-01
4.080474376678466797e-01
4.080474376678466797e-01
2.306935489177703857e-01
7.151623368263244629e-01
2.813470959663391113e-01
9.312783479690551758e-01
9.312783479690551758e-01
9.312783479690551758e-01
6.968912482261657715e-01
8.391272425651550293e-01
9.241687059402465820e-01
4.080474376678466797e-01
9.908905625343322754e-01
4.746011197566986084e-01
4.365274310111999512e-01
9.681113362312316895e-01
9.500817656517028809e-01
4.080474376678466797e-01
4.348945617675781250e-01
9.312783479690551758e-01
8.766364455223083496e-01
9.312783479690551758e-01
9.312783479690551758e-01
3.236584663391113281e-01
4.625937342643737793e-01
8.442490696907043457e-01
7.859955430030822754e-01
8.391272425651550293e-01
4.080474376678466797e-01
4.627943336963653564e-01
9.904616475105285645e-01
8.088818788528442383e-01
9.966157078742980957e-01
9.795205593109130859e-01
4.699764549732208252e-01
7.903887629508972168e-01
4.820629060268402100e-01
4.080474376678466797e-01
7.807382941246032715e-01
9.030374884605407715e-01
8.545917868614196777e-01
9.129450321197509766e-01
4.444566965103149414e-01
4.080474376678466797e-01
6.689042448997497559e-01
9.567700624465942383e-01
7.357692122459411621e-01
5.389286279678344727e-01
8.247573375701904297e-01
4.080474376678466797e-01
7.363433837890625000e-01
4.346638917922973633e-01
4.080474376678466797e-01
4.080474376678466797e-01
4.080474376678466797e-01
6.632215380668640137e-01
3.845591247081756592e-01
9.746305346488952637e-01
5.659229755401611328e-01
4.080474376678466797e-01
8.536735773086547852e-01
7.829275131225585938e-01
8.815761804580688477e-01
4.080474376678466797e-01
5.422939062118530273e-01
8.804098963737487793e-01
9.197992682456970215e-01
8.884938359260559082e-01
9.418570995330810547e-01
9.433574676513671875e-01
6.722955703735351562e-01
8.715732097625732422e-01
8.884938359260559082e-01
6.968912482261657715e-01
3.529889285564422607e-01
9.072892069816589355e-01
8.120443224906921387e-01
7.807382941246032715e-01
4.080474376678466797e-01
7.245885133743286133e-01
4.080474376678466797e-01
8.452256917953491211e-01
1.099192127585411072e-01
1.216467767953872681e-01
2.495075613260269165e-01
4.080474376678466797e-01
1.683723032474517822e-01
2.626404762268066406e-01
7.215710729360580444e-02
6.482435017824172974e-02
3.712408840656280518e-01
4.080474376678466797e-01
4.080474376678466797e-01
1.601355671882629395e-01
4.080474376678466797e-01
4.202808737754821777e-01
4.899784326553344727e-01
4.080474376678466797e-01
7.807382941246032715e-01
4.080474376678466797e-01
3.478162884712219238e-01
4.254632815718650818e-02
4.014805704355239868e-02
1.293056309223175049e-01
4.899784326553344727e-01
4.080474376678466797e-01
5.334569886326789856e-02
3.013160824775695801e-01
5.172233656048774719e-02
2.489360719919204712e-01
4.080474376678466797e-01
3.712408840656280518e-01
6.129845976829528809e-01
1.752142459154129028e-01
8.421402573585510254e-01
2.495469301939010620e-01
4.080474376678466797e-01
1.293056309223175049e-01
5.604588240385055542e-02
4.899784326553344727e-01
4.080474376678466797e-01
1.107102185487747192e-01
8.171211183071136475e-02
6.482435017824172974e-02
5.112006068229675293e-01
2.670831978321075439e-01
7.807382941246032715e-01
3.471626341342926025e-01
3.035205602645874023e-01
2.444720081984996796e-02
1.365370750427246094e-01
4.080474376678466797e-01
4.080474376678466797e-01
8.815761804580688477e-01
5.003293156623840332e-01
1.931558996438980103e-01
3.712408840656280518e-01
1.293056309223175049e-01
4.080474376678466797e-01
2.117533683776855469e-01
2.991112172603607178e-01
4.034985303878784180e-01
3.508062660694122314e-01
1.839749217033386230e-01
4.080474376678466797e-01
2.023567855358123779e-01
8.990405499935150146e-02
3.517414927482604980e-01
2.222055494785308838e-01
1.471655815839767456e-01
7.323437184095382690e-02
4.080474376678466797e-01
6.482435017824172974e-02
4.553166329860687256e-01
5.967856049537658691e-01
2.978459000587463379e-01
2.972523570060729980e-01
2.329554408788681030e-01
3.643582463264465332e-01
5.348255634307861328e-01
4.080474376678466797e-01
3.172914981842041016e-01
8.401603698730468750e-01
4.080474376678466797e-01
4.080474376678466797e-01
6.273822784423828125e-01
3.712408840656280518e-01
1.931558996438980103e-01
4.899784326553344727e-01
1.532794684171676636e-01
2.279486358165740967e-01
3.712408840656280518e-01
6.252671778202056885e-02
4.080474376678466797e-01
9.967367351055145264e-02
8.017776161432266235e-02
5.207660198211669922e-01
1.601355671882629395e-01
4.080474376678466797e-01
4.080474376678466797e-01
4.080474376678466797e-01
4.237275123596191406e-01
4.899784326553344727e-01
4.080474376678466797e-01
9.312783479690551758e-01
7.266988754272460938e-01
8.401603698730468750e-01
4.952526986598968506e-01
3.987719416618347168e-01
3.449384868144989014e-01
3.987719416618347168e-01
2.202609926462173462e-01
4.498381018638610840e-01
4.080474376678466797e-01
3.712408840656280518e-01
3.987719416618347168e-01
3.731974959373474121e-01
8.120443224906921387e-01
4.080474376678466797e-01
8.815761804580688477e-01
4.799526631832122803e-01
7.807382941246032715e-01
8.815761804580688477e-01
9.709230065345764160e-01
3.987719416618347168e-01
4.703135192394256592e-01
5.799023509025573730e-01
4.865755438804626465e-01
9.901801347732543945e-01
4.080474376678466797e-01
9.246678352355957031e-01
4.080474376678466797e-01
9.354950189590454102e-01
6.208875179290771484e-01
4.080474376678466797e-01
3.759470880031585693e-01
4.080474376678466797e-01
9.440462589263916016e-01
7.807382941246032715e-01
9.171210527420043945e-01
4.080474376678466797e-01
4.080474376678466797e-01
4.799526631832122803e-01
4.080474376678466797e-01
8.120443224906921387e-01
3.712408840656280518e-01
9.312783479690551758e-01
4.703135192394256592e-01
4.625937342643737793e-01
8.092857599258422852e-01
4.320771694183349609e-01
7.558073997497558594e-01
4.080474376678466797e-01
4.080474376678466797e-01
6.776636838912963867e-01
6.170927286148071289e-01
8.962774872779846191e-01
4.080474376678466797e-01
8.287334442138671875e-01
6.594244837760925293e-01
9.576800465583801270e-01
8.450987935066223145e-01
3.423771858215332031e-01
9.417711496353149414e-01
4.899784326553344727e-01
2.361403107643127441e-01
6.558488607406616211e-01
8.120443224906921387e-01
9.408153891563415527e-01
5.745125412940979004e-01
4.899784326553344727e-01
4.080474376678466797e-01
4.080474376678466797e-01
6.554999351501464844e-01
4.437323808670043945e-01
4.500977098941802979e-01
4.080474376678466797e-01
5.834202766418457031e-01
3.566907644271850586e-01
5.150300860404968262e-01
4.867761135101318359e-01
7.842355966567993164e-01
2.222055494785308838e-01
7.800398468971252441e-01
4.080474376678466797e-01
9.593237638473510742e-01
3.712408840656280518e-01
4.080474376678466797e-01
4.080474376678466797e-01
4.080474376678466797e-01
8.434826731681823730e-01
6.871327161788940430e-01
4.080474376678466797e-01
1.931558996438980103e-01
5.527313351631164551e-01
4.899784326553344727e-01
6.271172165870666504e-01
9.816867113113403320e-01
3.792987763881683350e-01
4.080474376678466797e-01
2.593123912811279297e-01
8.076195120811462402e-01
8.990405499935150146e-02
4.365274310111999512e-01
5.478607490658760071e-02
2.117533683776855469e-01
1.301378607749938965e-01
4.080474376678466797e-01
1.049950793385505676e-01
1.556106507778167725e-01
3.136188089847564697e-01
3.970669806003570557e-01
4.080474376678466797e-01
5.604588240385055542e-02
3.712408840656280518e-01
3.093926012516021729e-01
4.080474376678466797e-01
3.378744721412658691e-01
4.080474376678466797e-01
1.568041741847991943e-01
3.656405210494995117e-01
2.416484057903289795e-01
4.080474376678466797e-01
4.080474376678466797e-01
3.712408840656280518e-01
4.080474376678466797e-01
6.040281653404235840e-01
4.080474376678466797e-01
5.422326922416687012e-01
4.080474376678466797e-01
2.046695202589035034e-01
3.712408840656280518e-01
4.080474376678466797e-01
4.080474376678466797e-01
3.656405210494995117e-01
4.080474376678466797e-01
4.080474376678466797e-01
4.346638917922973633e-01
3.712408840656280518e-01
1.717425882816314697e-01
1.500345915555953979e-01
3.896632492542266846e-01
2.391383051872253418e-01
3.712408840656280518e-01
1.500345915555953979e-01
1.500345915555953979e-01
7.801263034343719482e-02
4.080474376678466797e-01
4.805680811405181885e-01
6.329997181892395020e-01
7.609612941741943359e-01
4.498381018638610840e-01
4.885013699531555176e-01
3.712408840656280518e-01
1.663188636302947998e-01
4.080474376678466797e-01
7.629896700382232666e-02
5.129208564758300781e-01
4.763387739658355713e-01
1.979208886623382568e-01
3.035205602645874023e-01
1.727924495935440063e-01
1.035017669200897217e-01
1.293056309223175049e-01
6.529188752174377441e-01
5.150300860404968262e-01
3.493688106536865234e-01
7.852430939674377441e-01
4.080474376678466797e-01
2.062428593635559082e-01
4.080474376678466797e-01
5.673201084136962891e-01
4.468521475791931152e-01
4.080474376678466797e-01
4.280256628990173340e-01
4.183799326419830322e-01
5.222205519676208496e-01
3.327485024929046631e-01
4.080474376678466797e-01
5.614281296730041504e-01
6.482435017824172974e-02
4.080474376678466797e-01
3.754474595189094543e-02
3.656405210494995117e-01
5.271768569946289062e-01
3.838599324226379395e-01
4.080474376678466797e-01
4.080474376678466797e-01
4.420614242553710938e-02
3.712408840656280518e-01
3.736557066440582275e-01
4.080474376678466797e-01
5.298185348510742188e-01
3.035205602645874023e-01
4.080474376678466797e-01
7.807382941246032715e-01
5.229845046997070312e-01
4.080474376678466797e-01
2.471235245466232300e-01
1.213204190135002136e-01
3.712408840656280518e-01
3.783092498779296875e-01
9.394539594650268555e-01
7.432762384414672852e-01
7.807382941246032715e-01
2.477204203605651855e-01
4.080474376678466797e-01
5.003293156623840332e-01
9.312783479690551758e-01
7.894834876060485840e-01
9.312783479690551758e-01
3.656405210494995117e-01
4.080474376678466797e-01
9.533830881118774414e-01
7.373870611190795898e-01
6.729406714439392090e-01
4.080474376678466797e-01
7.101153135299682617e-01
8.749413490295410156e-01
6.623192429542541504e-01
5.745125412940979004e-01
4.596915543079376221e-01
5.745125412940979004e-01
8.171108365058898926e-01
7.247443199157714844e-01
5.352946519851684570e-01
7.807382941246032715e-01
9.033324718475341797e-01
2.032967954874038696e-01
8.134865164756774902e-01
7.859955430030822754e-01
9.608862400054931641e-01
2.745267450809478760e-01
9.312783479690551758e-01
3.913194835186004639e-01
7.447787523269653320e-01
4.346638917922973633e-01
3.305233418941497803e-01
4.346638917922973633e-01
4.080474376678466797e-01
7.131548523902893066e-01
9.364478588104248047e-01
5.289404988288879395e-01
8.421402573585510254e-01
9.781014919281005859e-01
7.807382941246032715e-01
4.080474376678466797e-01
7.076803445816040039e-01
9.420284628868103027e-01
3.712408840656280518e-01
9.312783479690551758e-01
9.770474433898925781e-01
3.712408840656280518e-01
1.630864441394805908e-01
6.367532610893249512e-01
9.312783479690551758e-01
7.244288325309753418e-01
9.312783479690551758e-01
8.749413490295410156e-01
7.911204695701599121e-01
4.080474376678466797e-01
4.080474376678466797e-01
4.875516593456268311e-01
8.863807320594787598e-01
9.719570875167846680e-01
7.807382941246032715e-01
9.180778861045837402e-01
8.361060619354248047e-01
3.712408840656280518e-01
8.815761804580688477e-01
8.579110503196716309e-01
4.080474376678466797e-01
9.312783479690551758e-01
4.820629060268402100e-01
4.080474376678466797e-01
4.080474376678466797e-01
4.080474376678466797e-01
4.080474376678466797e-01
3.712408840656280518e-01
8.923202157020568848e-01
8.715732097625732422e-01
8.287334442138671875e-01
9.242814183235168457e-01
3.656405210494995117e-01
8.923202157020568848e-01
4.080474376678466797e-01
8.823429346084594727e-01
8.421402573585510254e-01
7.807382941246032715e-01
7.807382941246032715e-01
9.312783479690551758e-01
4.080474376678466797e-01
2.397506386041641235e-01
3.449384868144989014e-01
7.852430939674377441e-01
4.080474376678466797e-01
9.064605236053466797e-01
9.635647535324096680e-01
7.882094383239746094e-01
9.000576138496398926e-01
9.312783479690551758e-01
6.632215380668640137e-01
