5.727032770038957832e-01
6.954896635348152278e-01
6.517387361964146475e-01
9.112345897888176616e-01
4.097287066969974162e-02
4.358500913579911873e-01
9.144582799114740757e-02
1.612342978654847103e-01
4.955885749769502469e-01
6.069471348348609574e-01
3.745815277308310876e-01
4.706209946149086387e-01
3.989658030802529787e-01
2.643504850243043047e-01
2.936945829311993217e-01
6.587500855388073173e-01
1.610301508826221875e-02
1.723294605708582672e-01
6.202505384489261087e-02
3.092344021112772290e-01
2.223388678745785163e-01
9.258927902432727564e-01
3.045822106027305520e-01
4.953022898861218076e-02
4.127063868965126781e-01
5.458558298024329680e-01
7.015400315552551280e-01
7.831427124019272462e-03
6.183623532624729080e-01
2.773892668264321126e-01
3.002283847542809303e-01
3.391539926851218079e-01
1.200689892476442394e-01
3.736175683498101363e-01
3.145568304738790566e-01
5.936508779770819366e-01
4.148898880147074975e-01
3.056658567107410351e-01
9.770878330832138969e-01
3.988287568859829602e-01
1.075692687062684283e-01
5.818287820238021713e-01
4.838714960107822205e-01
2.341342074398917728e-01
2.036334238902507976e-01
2.305313966225663036e-01
2.119230778785097524e-01
1.205816257303598399e-01
1.563622676634843500e-01
6.183623532624729080e-01
1.363703503662240524e-01
7.265168865273262562e-03
4.653641349752902223e-01
9.201405112544758236e-01
2.003423303112829013e-01
3.881274414808258966e-01
4.752470663869280965e-01
4.508912035208565566e-02
8.777303483983813770e-01
3.717812229807283542e-01
3.246085799932559857e-01
2.369814920937144131e-01
1.363703503662240524e-01
4.315713805737093206e-02
2.557844171658846255e-01
1.353675877396516014e-01
1.432688440411500896e-01
8.064471751789050735e-01
7.297062536615862849e-02
2.898698992231963922e-01
3.058854304590098994e-01
5.898361670543484508e-02
1.076211697365611203e-01
2.152854917342398033e-01
2.184017771218170201e-01
9.273024742650243235e-02
4.506462597446260765e-01
9.520141977453357163e-02
2.192847183735908700e-01
8.209577893632082901e-01
4.906568315306204520e-01
2.640927308281553754e-01
1.558872987992142578e-01
2.823249431441975377e-01
2.518545981217144014e-01
1.500449895557243174e-01
1.615046025673959884e-01
3.501166740860345850e-01
3.158225906293798957e-01
6.397896851467683721e-01
1.107154551650543078e-01
1.619849474587568283e-01
1.026053024094368826e-01
3.142922995954924303e-01
6.692235289981470769e-01
8.260827142470578144e-02
5.602387504269696894e-01
9.771450732631670189e-02
1.258839925534102344e-01
6.885207029286118940e-01
6.119531511551610237e-01
6.050644986274769099e-01
9.900851678648511234e-01
9.579042872716149182e-01
2.224503126271702158e-01
9.036817140284362226e-01
8.806340242614607572e-01
9.945888731347375389e-01
1.270311284969628807e-01
4.040765853002500352e-01
4.567976685186104224e-01
5.720990654563715694e-01
9.040545682418840157e-01
3.911766793951361731e-01
8.098619320613620332e-01
8.098095518907365564e-01
5.571176846283206752e-01
9.591612281608228319e-01
5.682596805400731421e-01
1.173788258723059974e-01
5.634144833846701506e-01
6.332676808933066503e-01
9.725514448797228928e-01
9.085699505348168170e-01
9.268408690289474672e-01
8.185608989178623229e-01
8.708214309436067557e-01
9.835464929726579486e-01
7.684362762811154379e-01
5.845488144788744123e-01
8.215219576163034221e-01
6.258687444842686576e-01
4.910270656193484462e-01
5.133033137035500904e-01
5.617483564398940699e-01
8.431157495734058205e-02
4.148514643558527393e-01
7.722087517245546096e-01
9.902677782884613533e-01
5.246118525015608380e-01
6.923057901064276765e-01
2.698205501689818764e-01
8.362022742211060455e-01
7.102260030337168573e-01
8.548533072788070397e-01
6.330694215283667603e-01
2.041233234660799756e-01
4.188806974942161920e-01
8.936796279431412637e-01
5.416785567262770718e-01
8.951906439739210075e-01
9.457689387667559400e-01
7.566898532909985819e-01
6.015586656132764221e-01
7.547785678623031291e-01
2.976379054499518895e-01
9.061394568672158645e-01
8.631810748011656820e-01
5.617399780923869601e-01
4.785211519645612976e-01
2.321705320476338541e-01
3.891865602719906114e-01
6.011731059285361223e-01
5.933584854990703317e-01
3.276942990052770233e-01
3.740247130737240355e-01
9.634367602697632149e-01
4.888449460333624957e-02
6.636756788722008027e-01
7.288509565728782391e-01
9.051790229933742715e-03
3.593461065638909879e-01
8.690187564721387758e-01
5.738944598710831180e-01
3.939098852330770173e-01
8.368293247358238318e-01
5.698577747206126087e-01
7.415092214902877510e-01
5.864991429552329771e-01
4.489916326498886168e-01
7.857020229715501181e-01
2.646151978007142969e-01
9.372379275434331580e-01
8.677145419482339417e-01
9.417924483184116902e-01
7.874501994614097056e-01
9.501426692863793599e-01
8.479979052647216298e-01
6.094108807381768411e-01
9.264732759713049104e-01
9.020126032411630579e-01
7.600909996420106562e-01
2.884931433253415389e-01
8.598960601146511395e-01
9.741965347484798921e-01
5.731790162332980332e-01
8.954410847268364781e-01
7.400594020509230209e-01
6.774607322285977062e-01
7.803315331102597119e-01
1.053723582679500920e-01
1.523887186223646384e-01
5.500627465326898141e-02
1.665061123094618567e-01
4.596403074447770638e-03
3.415171718509826815e-01
4.355984032903403858e-02
6.038612072980816675e-02
4.906617374741420456e-02
1.225695364844970048e-01
7.190669731462186187e-02
2.617009061804306466e-02
2.107270992614718452e-01
5.747306532469745877e-01
7.274708500791233767e-01
1.111875212210650388e-01
6.722341190370199060e-01
7.891275839152893656e-01
2.080020248027184687e-02
3.352635416166758753e-01
7.349100482585616545e-01
9.561772949531943677e-02
3.665457421261158477e-01
1.573638457679276126e-01
1.454932255662958196e-01
5.282659320825284777e-01
1.799576253359423672e-01
5.360105812562941940e-01
1.057745606761173462e-01
2.741901873011022561e-02
4.700193856200897691e-01
4.603460729020843467e-01
9.349261676899952578e-01
3.093623665837617609e-01
1.811293804122927897e-01
1.130358743265433286e-02
3.167051233313731423e-02
2.113756890551739820e-01
3.109087014677124061e-02
4.743468875955867414e-01
2.050924624840234078e-01
9.428906864762479079e-02
2.009035504597802835e-01
1.530099218983331233e-01
8.738090214318133819e-01
9.258964039873086860e-02
4.739165794481922100e-01
7.284018966130317851e-02
2.116750738007129248e-02
4.867912515048180566e-01
2.442964518709712374e-01
5.386365910936817825e-01
4.867388398802150462e-01
2.251191062886576388e-01
1.140849155180143210e-01
9.178087461589630180e-01
2.178996494164060216e-01
2.683769534296223114e-01
3.318514040029700851e-01
3.934635605288667737e-01
2.417573188399276818e-01
2.180614528197900165e-02
1.784832406201733168e-01
2.538947581479395477e-01
9.153512146143805150e-02
7.712262347257261251e-03
3.007859596698393423e-01
3.928619672900063864e-01
2.444458222721651239e-02
5.571996234857919811e-02
1.967823491414289264e-02
5.869299275493140566e-01
9.428175399608774709e-01
1.343520469825943420e-01
3.825843844495038087e-02
3.528566622805179298e-01
1.345561209004076941e-01
3.252730448334273938e-01
6.389097933627822801e-02
3.906442449803145256e-01
6.306106721253029734e-01
8.645485911287259517e-02
1.643168601255493577e-01
7.038366331065714077e-01
7.248962902416983267e-02
2.366726522100157659e-01
9.684227998410120664e-02
3.912031654629665733e-01
1.734772997288643592e-01
5.398574539612500944e-02
2.624921363411314990e-01
6.880041676160555397e-01
1.460358495690692038e-01
2.530791146635236882e-02
1.096545760714095347e-01
4.072132703250960772e-02
1.369638870578205880e-01
4.949425260118427150e-02
6.815206938129848568e-01
6.404248959313157963e-01
9.135899430521352560e-01
3.488746629552513800e-01
5.505647663259449764e-01
6.566671028025142798e-01
4.943685357845961637e-01
8.352915230314194028e-01
2.346517649846359410e-01
1.569217681801359787e-01
3.441554346379980811e-01
3.124039128546086119e-01
4.244733489717693597e-01
9.898733775329409124e-01
5.882028923278012078e-01
7.002826513815764153e-01
6.795472124452236473e-01
9.502099495094270543e-01
1.919028017915906381e-01
9.494346653985032969e-01
8.899215759157818040e-01
8.785848716627536747e-01
8.846551617900522135e-01
5.784447330068561710e-01
4.063400135183216633e-01
7.621690970733316917e-01
3.577290723748956514e-01
5.822179894831440716e-01
8.692076596048164960e-01
9.901620652401923461e-01
8.518488800381662784e-01
7.811348256825766390e-01
5.166057592675377119e-01
6.930914017971584462e-01
9.423907561618884987e-01
7.002964943797862496e-01
8.839047520450525885e-01
7.302359508864354476e-01
7.719208255127362195e-01
6.758782005410586269e-01
4.272358768603619628e-01
9.385419836709641972e-01
2.934923886640968260e-01
5.031040781916282789e-01
4.367295060210127922e-01
5.059583140230613507e-01
9.076100700725566739e-01
5.527315080366085320e-01
4.743971661078656421e-01
8.784207818386953193e-01
4.350087806716735339e-01
6.355292548747880632e-01
9.825982456044149993e-01
2.752292755322664486e-01
8.798781910152869701e-01
6.277206614884648372e-01
3.806991624292571652e-01
1.553974727992394889e-01
5.817363590258187722e-01
7.768295130655665792e-01
8.498495994882729887e-01
7.090354789051822593e-01
3.249544062250389054e-01
8.538492310272530750e-01
2.055805669079323328e-01
3.074999311040013672e-01
2.678591032179015730e-01
4.785483649108610016e-01
9.091555464623028993e-01
8.009731862916180667e-01
8.446695149483125498e-01
8.824316749116249969e-01
4.170134022722963851e-01
4.929082545190560105e-01
9.148649725794673060e-01
4.789477255751112827e-01
3.049223968010267294e-01
8.027664730770780466e-01
9.276004254858142284e-01
4.640588009694485705e-01
4.062540264396789502e-01
9.137777085409758415e-01
3.577129684565894530e-01
9.109084238135526368e-01
6.630864803726409518e-01
7.217008259959171168e-01
9.373042475947866992e-01
6.984840465597913495e-01
2.865872062653403995e-01
7.362517241672800195e-01
4.513593751880488614e-01
5.336973556080769621e-01
7.737954821959489582e-01
2.690464319247876657e-01
9.330196213109775982e-01
5.653633131223210206e-01
9.118688224712117041e-01
8.123628064480450384e-01
5.285201446749043797e-01
6.446739026887025048e-01
3.239366570754181884e-01
7.251942940405419202e-01
3.635999717790909525e-02
3.981986727804736059e-01
1.343592512492386148e-01
5.554668495322420130e-01
8.832830247285882175e-01
1.822114231483306368e-01
1.747776795002720651e-01
4.952390875330723308e-01
1.585543337996295210e-01
2.513679204118840493e-01
5.735816685791177844e-02
5.394496228802396487e-02
3.460916846809783953e-01
3.782261015630805634e-02
3.003354117257512890e-01
2.810312488135203735e-01
1.892970331396563385e-02
3.093596899912194331e-01
2.361810490549917652e-01
4.764954060994582852e-01
2.311690004469841297e-01
2.704167457294617827e-01
2.288500622615328647e-02
4.692539003184675317e-01
5.595985236953278097e-01
1.257617380105112148e-01
2.572711280217277463e-01
2.104598371590669231e-02
3.378209347653218231e-01
7.730899876216669186e-01
4.869706298255077059e-01
5.210697855031101722e-02
6.309133657313361621e-01
4.745444642474906383e-01
7.300886229354337786e-02
6.955434235324642334e-01
5.061301688531889831e-02
1.468553810816427274e-01
2.073387848546448531e-01
1.490815709605220751e-01
2.880660219026679458e-01
4.109998394786405496e-01
3.238954244131599935e-01
3.901594648315985236e-01
3.254094891666291928e-02
1.714040372140224755e-01
6.295706529915221505e-01
9.606407156701013417e-01
4.254232804074652430e-01
5.350514460548084772e-01
3.063688455013680034e-01
1.879016792807015335e-01
4.114346634772523270e-01
5.298382050849625990e-01
3.380494611488830126e-01
1.782458267436862198e-01
1.982470573253862778e-01
5.694363589529893160e-02
3.230891799868383374e-01
9.095917002854984057e-01
5.695370712416210346e-02
8.053971103498570872e-02
4.904769424970975011e-01
7.390862733810671381e-01
3.289316227925337954e-01
6.392368585159442507e-01
8.380721922622198505e-01
8.090318101687832275e-02
5.226265619688390540e-01
5.118702443042471018e-01
8.066774891792731494e-02
7.406959703326206901e-01
8.082730977358389968e-01
4.677762335844932728e-01
6.364342852108766380e-01
7.949095111078224862e-01
2.590489194516013560e-01
7.672475385085473221e-01
1.087596511751733191e-01
3.197259747851421419e-01
1.068347033042233163e-01
8.233621211508489468e-01
4.770678535782038598e-01
6.655594255662218572e-02
1.476944418780788970e-01
8.387423140795038368e-01
1.720852544909979021e-01
8.652635086762922034e-02
6.655236716693239962e-02
4.316182406443662412e-02
4.429493650819242845e-01
4.445504109941693649e-01
3.010407872062900170e-01
7.106000557494421832e-01
5.737893889825818050e-01
9.039956958717085822e-01
3.497418283094976266e-01
1.503408561710353926e-02
7.824625101458583254e-01
6.822634605042644518e-01
9.593743878616044496e-01
9.781861046294753059e-01
6.559755258235911990e-01
8.916450734697259906e-01
8.499377831425546370e-01
3.733445206599745880e-01
7.244928786021239686e-01
4.219188908034247065e-01
7.098864872745094257e-01
8.061935533515212082e-01
7.220213737488571093e-01
8.676204972667012072e-01
2.858787013574389246e-01
4.686236162711396869e-01
9.450324979936838288e-01
6.791544810515064423e-01
9.639789949576497152e-01
4.924368240044730283e-01
2.464185499583997352e-01
5.301646402270314695e-01
3.012470401239600859e-01
8.229013699164221540e-01
7.051509872148650215e-01
6.410277362556566771e-01
5.305424240674277980e-01
8.126090464087538656e-01
5.243824247364665680e-01
8.226432235501888179e-01
4.534955368124998221e-01
8.851869062103097097e-01
8.074257239869288005e-01
9.665640604902164812e-01
6.494860492214361569e-01
2.306146107435671777e-01
1.378225136816862983e-01
9.900645223098188119e-02
6.645735175378747472e-01
3.682409903518075317e-02
9.716701961326996706e-01
5.035925296163578091e-01
2.395312922124396560e-01
4.591761696552474348e-01
6.636104823558028887e-01
9.630182560528141034e-01
9.293734749304112253e-01
9.097453492870001268e-01
8.372896051695263298e-01
8.802041100793155382e-01
9.664130601060891834e-01
8.996593322894754774e-01
6.756765615354625165e-01
3.083993264031814063e-01
9.453355277786988919e-01
9.311734806147905497e-01
6.705182887940419612e-01
7.040540552353083958e-01
9.126828114138025860e-01
7.133852944975485055e-01
3.151028558949296732e-02
1.490424270871482937e-01
6.265374556235135950e-01
9.448548989452099089e-01
8.647220793408333384e-01
6.998921566404204819e-01
8.647132654093436788e-01
6.675238726697417802e-01
9.640012068825198899e-01
8.315843614396806194e-01
8.862806530441801334e-01
5.223544009855731751e-01
9.393664376610850741e-01
5.453048319624641538e-01
5.631952099344931240e-01
1.053075277623855832e-01
7.029633262150801754e-01
8.757696978591699155e-01
7.775929777208184790e-01
9.725275984167849330e-01
7.707534050877268283e-01
5.996010295366973608e-01
6.013220954406182095e-01
3.866469156901660154e-01
9.807178202348535434e-01
1.727131792814978195e-01
7.196887005030643270e-01
9.782865811619979590e-01
9.409574462245552384e-01
9.230130010959205489e-01
9.291469609470595081e-01
7.080315094807256848e-01
3.300083257126931735e-01
6.151894017146153359e-01
5.725637371206425685e-01
7.641071613457575129e-01
9.825785678634120224e-01
4.945318639714727516e-01
7.007246634885230252e-01
7.519101147836657617e-01
9.623569599631974780e-01
8.473414553968281471e-01
