7.630635499954223633e-01
3.094521462917327881e-01
5.906093120574951172e-01
8.466886281967163086e-01
7.382253557443618774e-02
5.288240313529968262e-01
5.397929623723030090e-02
6.399723142385482788e-02
6.146878600120544434e-01
2.713115215301513672e-01
3.704698085784912109e-01
5.748564004898071289e-01
4.805240333080291748e-01
1.124220043420791626e-01
1.402240097522735596e-01
7.636500000953674316e-01
3.432688862085342407e-02
3.154413700103759766e-01
9.242873638868331909e-02
5.065684318542480469e-01
3.588099181652069092e-01
8.765987157821655273e-01
3.805658817291259766e-01
2.586463689804077148e-01
5.741678476333618164e-01
5.952379703521728516e-01
5.979335904121398926e-01
1.496146433055400848e-02
3.940236270427703857e-01
5.169710516929626465e-01
2.930619120597839355e-01
2.711364924907684326e-01
2.452449649572372437e-01
3.499070107936859131e-01
2.453588545322418213e-01
3.953356742858886719e-01
3.516124486923217773e-01
2.227580398321151733e-01
9.339162111282348633e-01
4.924676418304443359e-01
8.979873359203338623e-02
3.974635303020477295e-01
3.587189018726348877e-01
9.150128811597824097e-02
3.450396955013275146e-01
7.422275096178054810e-02
3.734071552753448486e-01
2.304532229900360107e-01
1.892967671155929565e-01
3.940236270427703857e-01
1.440389007329940796e-01
1.107099559158086777e-02
5.050551891326904297e-01
7.445560693740844727e-01
1.301504969596862793e-01
3.489611148834228516e-01
3.052638471126556396e-01
7.760851085186004639e-02
7.845211625099182129e-01
3.348687291145324707e-01
5.040761232376098633e-01
1.739186346530914307e-01
1.440389007329940796e-01
1.076426133513450623e-01
3.410336375236511230e-01
1.757161766290664673e-01
1.281737089157104492e-01
7.190414071083068848e-01
7.573031634092330933e-02
2.281432449817657471e-01
3.706566691398620605e-01
1.008620634675025940e-01
2.973642647266387939e-01
2.173207253217697144e-01
2.428610175848007202e-01
9.150453656911849976e-02
3.922299146652221680e-01
7.898730039596557617e-02
5.480582714080810547e-01
6.998006701469421387e-01
6.437969207763671875e-01
2.828140556812286377e-01
2.570479214191436768e-01
4.630994200706481934e-01
1.956839859485626221e-01
3.399755954742431641e-01
2.383382469415664673e-01
3.600451946258544922e-01
1.429665833711624146e-01
4.671983420848846436e-01
3.273846507072448730e-01
2.388783246278762817e-01
1.629209667444229126e-01
2.124139219522476196e-01
4.277026951313018799e-01
1.853022277355194092e-01
4.672687053680419922e-01
1.826498657464981079e-01
2.611096203327178955e-01
6.136946678161621094e-01
6.641767621040344238e-01
6.891950368881225586e-01
8.786346316337585449e-01
7.164804339408874512e-01
2.630241215229034424e-01
8.712344765663146973e-01
9.354915618896484375e-01
9.594254493713378906e-01
1.317942291498184204e-01
4.975031614303588867e-01
5.205866694450378418e-01
3.800248503684997559e-01
8.560475707054138184e-01
1.333003789186477661e-01
8.141691088676452637e-01
7.325716018676757812e-01
4.788139164447784424e-01
9.112548232078552246e-01
6.010434031486511230e-01
3.118391931056976318e-01
6.261057853698730469e-01
5.822409391403198242e-01
9.571113586425781250e-01
9.288322329521179199e-01
8.109816908836364746e-01
9.145016074180603027e-01
6.502779722213745117e-01
9.653589129447937012e-01
7.967051863670349121e-01
5.925776958465576172e-01
9.234714508056640625e-01
6.303182840347290039e-01
4.904470443725585938e-01
7.990846037864685059e-01
5.767443180084228516e-01
2.057272940874099731e-01
5.117231607437133789e-01
9.056644439697265625e-01
9.623573422431945801e-01
6.315508484840393066e-01
8.449347019195556641e-01
3.275602459907531738e-01
8.404697775840759277e-01
7.345829606056213379e-01
7.489062547683715820e-01
5.746430158615112305e-01
2.036314606666564941e-01
4.919806122779846191e-01
8.634719252586364746e-01
5.261971950531005859e-01
8.687797784805297852e-01
9.111087918281555176e-01
6.298470497131347656e-01
4.784535765647888184e-01
7.134551405906677246e-01
2.609617710113525391e-01
7.066998481750488281e-01
8.467103838920593262e-01
4.824188649654388428e-01
3.133371770381927490e-01
1.861045509576797485e-01
5.701306462287902832e-01
6.096497774124145508e-01
5.979935526847839355e-01
5.385985374450683594e-01
4.284739792346954346e-01
9.255151152610778809e-01
6.552584469318389893e-02
6.213545203208923340e-01
5.656635165214538574e-01
3.043448179960250854e-02
5.118048191070556641e-01
3.970913887023925781e-01
6.492152810096740723e-01
6.721959710121154785e-01
8.668915033340454102e-01
7.393247485160827637e-01
5.261832475662231445e-01
4.053608775138854980e-01
3.553451895713806152e-01
8.569024801254272461e-01
4.683446884155273438e-01
9.020957946777343750e-01
5.925251245498657227e-01
9.190598726272583008e-01
8.038364648818969727e-01
9.187163710594177246e-01
8.211835622787475586e-01
3.991512656211853027e-01
9.452146291732788086e-01
8.038659691810607910e-01
1.999621689319610596e-01
1.836897730827331543e-01
7.427764534950256348e-01
9.039450287818908691e-01
3.597996532917022705e-01
5.871174335479736328e-01
6.596428155899047852e-01
7.040195465087890625e-01
7.945302128791809082e-01
3.302686810493469238e-01
9.795923531055450439e-02
9.225424379110336304e-02
2.844146788120269775e-01
8.065691217780113220e-03
1.963000148534774780e-01
6.480761617422103882e-02
5.799767374992370605e-02
2.116060107946395874e-01
1.610779315233230591e-01
1.253602504730224609e-01
6.488469988107681274e-02
2.324658632278442383e-01
5.349984169006347656e-01
6.750092506408691406e-01
2.363208085298538208e-01
5.755023956298828125e-01
6.097728013992309570e-01
4.802311956882476807e-02
5.844417214393615723e-01
5.837346911430358887e-01
1.246137693524360657e-01
2.674839198589324951e-01
9.209282696247100830e-02
2.260447889566421509e-01
5.548214912414550781e-01
2.581140100955963135e-01
6.209012866020202637e-01
4.735834151506423950e-02
3.576101735234260559e-02
3.580104112625122070e-01
4.989255070686340332e-01
9.193824529647827148e-01
4.572604596614837646e-01
1.589161753654479980e-01
2.346182242035865784e-02
1.741686761379241943e-01
1.411612033843994141e-01
2.473520115017890930e-02
5.217770338058471680e-01
2.090284973382949829e-01
6.431087106466293335e-02
2.486193627119064331e-01
1.289680600166320801e-01
7.934541106224060059e-01
1.229143887758255005e-01
2.394288480281829834e-01
1.548004150390625000e-01
3.142833709716796875e-02
5.734829902648925781e-01
1.201128438115119934e-01
7.486291527748107910e-01
2.985370159149169922e-01
1.116719096899032593e-01
1.026067361235618591e-01
8.606223464012145996e-01
1.220926940441131592e-01
4.387542009353637695e-01
5.970754623413085938e-01
6.963770985603332520e-01
2.978120148181915283e-01
1.100549995899200439e-01
1.530359238386154175e-01
3.857079446315765381e-01
1.142449006438255310e-01
2.963826619088649750e-02
3.085978627204895020e-01
4.993982315063476562e-01
7.515417784452438354e-02
1.252750456333160400e-01
3.741026669740676880e-02
5.241705775260925293e-01
7.039934992790222168e-01
1.139172539114952087e-01
8.470252901315689087e-02
3.464290201663970947e-01
2.918065488338470459e-01
5.551924109458923340e-01
8.675123751163482666e-02
5.807164311408996582e-01
4.039541482925415039e-01
1.250929832458496094e-01
2.514106631278991699e-01
5.679820775985717773e-01
1.303228735923767090e-01
3.007178604602813721e-01
6.956561654806137085e-02
4.130654335021972656e-01
2.316968291997909546e-01
1.357126682996749878e-01
1.996098905801773071e-01
6.452062129974365234e-01
1.939242035150527954e-01
1.363654285669326782e-01
1.356552243232727051e-01
6.057056039571762085e-02
1.926105618476867676e-01
3.329986706376075745e-02
8.056234121322631836e-01
7.817244529724121094e-01
8.302311897277832031e-01
2.898921370506286621e-01
6.587252020835876465e-01
6.629486680030822754e-01
4.442932307720184326e-01
8.641911745071411133e-01
1.770205050706863403e-01
1.984499096870422363e-01
3.280391693115234375e-01
2.538584768772125244e-01
6.730528473854064941e-01
8.894186615943908691e-01
4.394724667072296143e-01
5.157421231269836426e-01
7.801837921142578125e-01
9.453917145729064941e-01
1.263043284416198730e-01
9.291099905967712402e-01
7.542861700057983398e-01
8.277959823608398438e-01
8.482279777526855469e-01
4.851324856281280518e-01
4.834614396095275879e-01
5.246508121490478516e-01
5.484078526496887207e-01
4.993955194950103760e-01
8.800225257873535156e-01
9.066408276557922363e-01
9.569353461265563965e-01
7.879515886306762695e-01
6.305364966392517090e-01
7.965077757835388184e-01
7.727860212326049805e-01
8.108614087104797363e-01
8.144446611404418945e-01
8.835740685462951660e-01
8.753520250320434570e-01
7.977150082588195801e-01
2.450759261846542358e-01
9.381420016288757324e-01
4.140526056289672852e-01
6.187911033630371094e-01
6.469694972038269043e-01
5.142046213150024414e-01
9.031477570533752441e-01
5.635484457015991211e-01
6.498016715049743652e-01
8.442157506942749023e-01
5.771661400794982910e-01
7.455929517745971680e-01
8.786122798919677734e-01
4.876442253589630127e-01
9.466196298599243164e-01
4.664722681045532227e-01
5.375862717628479004e-01
1.639572530984878540e-01
5.981128215789794922e-01
8.429731726646423340e-01
8.557523488998413086e-01
8.514177799224853516e-01
5.992779135704040527e-01
8.956440091133117676e-01
2.546021342277526855e-01
3.225723803043365479e-01
2.538965344429016113e-01
7.431114912033081055e-01
8.979637622833251953e-01
8.666265010833740234e-01
8.947396278381347656e-01
6.414260268211364746e-01
5.559042692184448242e-01
6.327965259552001953e-01
7.931801080703735352e-01
7.018740773200988770e-01
3.349506258964538574e-01
6.433697938919067383e-01
9.204751849174499512e-01
6.273614764213562012e-01
5.974773168563842773e-01
8.588908910751342773e-01
1.540794521570205688e-01
8.682361841201782227e-01
6.529964208602905273e-01
8.702920675277709961e-01
8.404175639152526855e-01
8.482923507690429688e-01
4.805368483066558838e-01
7.195118665695190430e-01
5.772001743316650391e-01
3.252483010292053223e-01
7.946077585220336914e-01
4.690333902835845947e-01
9.519746303558349609e-01
7.997462749481201172e-01
7.552931904792785645e-01
8.681871294975280762e-01
4.440068900585174561e-01
5.845413804054260254e-01
2.170545011758804321e-01
8.643178343772888184e-01
1.241900101304054260e-01
1.760839074850082397e-01
9.265933185815811157e-02
4.577721953392028809e-01
8.430597186088562012e-01
2.311806678771972656e-01
1.723981201648712158e-01
3.681768774986267090e-01
1.556779295206069946e-01
2.300318926572799683e-01
6.533826142549514771e-02
1.237243786454200745e-01
3.670030832290649414e-01
6.328128278255462646e-02
2.717166841030120850e-01
1.638562232255935669e-01
3.761098161339759827e-02
1.435630172491073608e-01
2.746135294437408447e-01
2.162618190050125122e-01
3.171975016593933105e-01
5.387100577354431152e-01
2.454058527946472168e-01
3.865245580673217773e-01
3.882530927658081055e-01
1.224054172635078430e-01
2.471645623445510864e-01
3.168813511729240417e-02
2.408293634653091431e-01
7.953672409057617188e-01
4.781154990196228027e-01
9.547360241413116455e-02
6.576973199844360352e-01
5.391672849655151367e-01
6.860549747943878174e-02
7.295789718627929688e-01
1.254557371139526367e-01
1.235701814293861389e-01
2.562955617904663086e-01
1.133078038692474365e-01
3.233140408992767334e-01
3.701994419097900391e-01
4.211281836032867432e-01
2.219472974538803101e-01
1.629478782415390015e-01
1.213979348540306091e-01
7.424871325492858887e-01
7.042835950851440430e-01
3.238885104656219482e-01
6.446403264999389648e-01
4.634522497653961182e-01
3.795709013938903809e-01
5.297902226448059082e-01
5.937753319740295410e-01
4.088274240493774414e-01
3.075038194656372070e-01
4.984809458255767822e-01
1.601834595203399658e-01
3.455419242382049561e-01
8.534322977066040039e-01
4.641040787100791931e-02
7.799913734197616577e-02
5.163083672523498535e-01
5.763196349143981934e-01
5.016950368881225586e-01
8.023311495780944824e-01
8.784286379814147949e-01
9.147646278142929077e-02
4.265082180500030518e-01
6.100313067436218262e-01
2.111305594444274902e-01
7.061179876327514648e-01
7.069948315620422363e-01
3.859636485576629639e-01
4.691675007343292236e-01
7.920981645584106445e-01
5.370716452598571777e-01
8.055240511894226074e-01
1.070210933685302734e-01
2.339937388896942139e-01
9.632633626461029053e-02
5.360742807388305664e-01
3.913853764533996582e-01
1.039292439818382263e-01
2.532329261302947998e-01
6.992170214653015137e-01
3.905590176582336426e-01
3.037033677101135254e-01
9.263932704925537109e-02
7.305230945348739624e-02
5.121364593505859375e-01
4.324208498001098633e-01
3.330392539501190186e-01
8.299276828765869141e-01
5.508297681808471680e-01
7.377759218215942383e-01
3.922756612300872803e-01
1.001622900366783142e-01
7.556370496749877930e-01
5.827121138572692871e-01
9.608770012855529785e-01
9.175600409507751465e-01
4.228863120079040527e-01
8.151397705078125000e-01
9.088352322578430176e-01
2.677562534809112549e-01
7.431867718696594238e-01
3.426583111286163330e-01
8.137612342834472656e-01
8.106888532638549805e-01
3.924632370471954346e-01
9.364700913429260254e-01
3.653539121150970459e-01
4.094456434249877930e-01
7.212372422218322754e-01
5.818112492561340332e-01
9.344266653060913086e-01
5.494612455368041992e-01
2.287376374006271362e-01
5.182546973228454590e-01
2.318429648876190186e-01
8.006519079208374023e-01
8.500427007675170898e-01
7.612180709838867188e-01
5.756627321243286133e-01
8.327113986015319824e-01
4.977792501449584961e-01
7.715191841125488281e-01
2.896587550640106201e-01
9.066096544265747070e-01
8.598850965499877930e-01
9.839437007904052734e-01
7.117859721183776855e-01
2.928861975669860840e-01
1.625863760709762573e-01
5.668830126523971558e-02
6.714155673980712891e-01
7.568071782588958740e-02
8.451885581016540527e-01
6.325415372848510742e-01
2.541048228740692139e-01
4.646593034267425537e-01
8.589717149734497070e-01
9.293291568756103516e-01
6.571621894836425781e-01
8.152989745140075684e-01
7.123623490333557129e-01
8.154036998748779297e-01
9.612615108489990234e-01
8.745767474174499512e-01
2.819982767105102539e-01
4.088148176670074463e-01
9.207019209861755371e-01
8.880547881126403809e-01
7.538747191429138184e-01
7.527093291282653809e-01
8.235383629798889160e-01
5.951241254806518555e-01
2.350830584764480591e-01
3.777072727680206299e-01
7.088183760643005371e-01
9.256731867790222168e-01
9.316848516464233398e-01
7.077245116233825684e-01
8.877829909324645996e-01
6.273097395896911621e-01
8.206624984741210938e-01
6.180642843246459961e-01
8.147590160369873047e-01
5.287045836448669434e-01
9.494119286537170410e-01
2.775728702545166016e-01
4.785579442977905273e-01
5.118923634290695190e-02
8.080286383628845215e-01
6.350002288818359375e-01
7.976164817810058594e-01
9.757936000823974609e-01
7.122991681098937988e-01
1.238922998309135437e-01
7.096545696258544922e-01
2.271684557199478149e-01
9.360206723213195801e-01
4.373177587985992432e-01
6.030686497688293457e-01
9.360151290893554688e-01
8.667268753051757812e-01
8.400372862815856934e-01
9.071140289306640625e-01
6.906323432922363281e-01
5.244902968406677246e-01
7.314266562461853027e-01
7.283633351325988770e-01
6.560003161430358887e-01
8.480135202407836914e-01
5.723329186439514160e-01
6.404182314872741699e-01
5.053277015686035156e-01
9.546573162078857422e-01
8.291269540786743164e-01
