4.554674650158624938e-01
7.390715508555244506e-01
4.689766582082720570e-01
3.642800887509976548e-01
4.718786902954634765e-01
4.283687788558542819e-01
3.419996585083464047e-01
5.288743570536620364e-01
7.348793146180671032e-01
4.621442728939287869e-01
4.145004158877660383e-01
7.402735374255642320e-01
5.929838015117929739e-01
3.206954153013706899e-01
4.718881945809885181e-01
1.956397961422256249e-01
5.186352554311983720e-01
6.775299110649585232e-01
3.455362431626792796e-01
5.720436015489397397e-01
5.349307059895535010e-01
3.328942349019481939e-01
3.565142071046340511e-01
1.465420488858367176e-01
3.480923808827510180e-01
5.801331398093573233e-01
7.820079834930597773e-01
6.593693970632737988e-01
2.919836763724182882e-01
3.158976691291221495e-01
2.924859558095902479e-01
3.446252172802553582e-01
3.452991990458444405e-01
3.932875546562130120e-01
6.199573378109537458e-01
2.883980174697354237e-01
4.519217222650133148e-01
1.769168333389410097e-01
3.972728681461952238e-01
4.844485321466883709e-01
5.686168587534609076e-01
4.814503209308146903e-01
3.184564537168328990e-01
6.044718622618954207e-01
3.915775666912871822e-01
3.291675435853556597e-01
2.669258121356606339e-01
5.876680087391223939e-01
7.416790407373347049e-01
2.919836763724182882e-01
5.410262093099078573e-01
5.045175817990987799e-01
6.043843514447336807e-01
3.942914409607836679e-01
4.795744109666598698e-01
4.262389501421391391e-01
6.929580086474522727e-01
3.173235863446262628e-01
5.564792396841943267e-01
3.490257795666285023e-01
3.094006094774173765e-01
5.012922004935165265e-01
5.386414352873531985e-01
7.641737351038158099e-01
3.285424476825100082e-01
7.085593426299487962e-01
1.795916099207165717e-01
5.266178872120881316e-01
3.631297581143143605e-01
2.948996995408789124e-01
1.918346544623982519e-01
4.262389501421391391e-01
4.691787696262347818e-01
3.781428804876461047e-01
6.994775660268273132e-01
5.423978887902560775e-01
5.701755884047357004e-01
5.550536776202815714e-01
5.462819537248010393e-01
3.464725378310414827e-01
6.674300109229431843e-01
3.470400396949456789e-01
3.892368946052557344e-01
4.793662757898096705e-01
5.850161577711689986e-01
3.645610096721644267e-01
5.218670475910757167e-01
1.499723673009922820e-01
6.386067745760011238e-01
3.440596757159285479e-01
4.262389501421391391e-01
4.282760692741497954e-01
3.275535694047536084e-01
4.011727247107942929e-01
3.993823343927145886e-01
5.532815614308710384e-01
3.272359074600580953e-01
4.821532348564013803e-01
3.891464238013749299e-01
3.522379774464626245e-01
7.038463790010177634e-01
4.522407161291772670e-01
4.590292038384756190e-01
4.747611522721669197e-01
5.740044547209608439e-01
7.424271764483925118e-01
8.103588651494664230e-01
8.073835777140874193e-01
3.771458049200006046e-01
3.455155768375691716e-01
4.586234476378340252e-01
3.866275605975441620e-01
6.266286727371543908e-01
5.363500788840086519e-01
7.368880256628360659e-01
4.551371020633888653e-01
5.319830890975023596e-01
8.063624560746346370e-01
4.321219642613619016e-01
3.314082003398062803e-01
5.357908479456889861e-01
6.421616713879081395e-01
7.473916098186682566e-01
8.176569556763837454e-01
6.970493743083137073e-01
8.024208788275972726e-01
6.941634323204864954e-01
7.180990617651109575e-01
7.837621078806397135e-01
6.944032836432558753e-01
6.653607034441135770e-01
5.595676197800303342e-01
4.609379328981152435e-01
6.803255070280479488e-01
3.490538257140292644e-01
3.913165257149703868e-01
4.775409045200925129e-01
6.630488606531425022e-01
4.450816603922754799e-01
5.267365982315816986e-01
7.668511961400958921e-01
3.971494268401092875e-01
5.830214430997424646e-01
6.951254060853904182e-01
4.703318650395416634e-01
5.033178723425234535e-01
4.064049064407259104e-01
3.826256354199771836e-01
7.672660643553972371e-01
6.914192806266019620e-01
7.689264792137718851e-01
6.711860825562978583e-01
4.585210250875125793e-01
4.494272233488967871e-01
5.805798835668132263e-01
3.385457591557076706e-01
7.942950619469253404e-01
4.269381847523504581e-01
4.859932652728656266e-01
6.222684924567670750e-01
4.078117995447981814e-01
4.521702047235703348e-01
3.382440047384548398e-01
6.855414691121379800e-01
7.855424761347751250e-01
5.865268336727618159e-01
7.613803967716102905e-01
3.309112287929863450e-01
4.529389120931531787e-01
4.357482231599467681e-01
5.309605846973741716e-01
5.024608902951590572e-01
6.694957234198912754e-01
5.071635191657569708e-01
6.123675154864427483e-01
6.015840290206573293e-01
6.111028763870485214e-01
7.155769621961378668e-01
6.227372162820505874e-01
5.226952365928150268e-01
6.923804698106479361e-01
3.527003617386269552e-01
7.545307107517965628e-01
7.745314775172330579e-01
6.289398632531479905e-01
6.797577721951679752e-01
7.742975844249671002e-01
6.454905819647749343e-01
4.457201118764990699e-01
5.343989420680650415e-01
7.871291803715011470e-01
6.129596069968257233e-01
5.249521703724240318e-01
7.956478496321126581e-01
5.734556087310492822e-01
7.051614253171701874e-01
5.842902709985703380e-01
4.716101777115371263e-01
3.881429718974795384e-01
7.036026449352643652e-01
6.653191769774531306e-01
2.977783966777910463e-01
2.074324974348122352e-01
4.499696863270163383e-01
6.561618969394428236e-01
3.042861074292809720e-01
3.084364183566225548e-01
5.022420408139501857e-01
3.205736035270616568e-01
5.123100175967053582e-01
6.044549641402027218e-01
3.793277452126183058e-01
4.276076702254535400e-01
5.459139207104376501e-01
4.959067387215157496e-01
3.943292753081700797e-01
6.584952269096404631e-01
3.768282852188374887e-01
6.210080088609278848e-01
3.555351382305275698e-01
5.111242151577604087e-01
3.892318503192694901e-01
5.927038429106713524e-01
4.915552916720226095e-01
3.391891858519020531e-01
3.910434295105013613e-01
5.092220578964055111e-01
4.262146597390656377e-01
5.978107840766663239e-01
5.711884474358482899e-01
4.472808756739546920e-01
4.939393927258587946e-01
4.499388233986350016e-01
5.014796598591120258e-01
4.357876108420599692e-01
4.311841469343172806e-01
4.519194812806794914e-01
5.383998149437515535e-01
6.184905053374671891e-01
4.856173698259169114e-01
4.651112998827694467e-01
3.604178928709143581e-01
4.005917879429997663e-01
4.147916837815296964e-01
3.896897152434712353e-01
3.387199622266603427e-01
3.505435186147678461e-01
4.801299475443406850e-01
4.317828707984959768e-01
4.272507234390587882e-01
4.629719626620340533e-01
4.058072686142434327e-01
4.423378660585063349e-01
7.508268700537771290e-01
5.471020924557582488e-01
4.206561064716375919e-01
4.568782669805351304e-01
5.442073280500288046e-01
4.517247072825528731e-01
4.828641555250007822e-01
3.021176951783113296e-01
3.731430449339767086e-01
3.255954547044301317e-01
3.695620980562980273e-01
3.814045610809431164e-01
6.745207770602081876e-01
1.873400476184381713e-01
5.992279806748356252e-01
2.891032602385786854e-01
6.866146338050408415e-01
4.568281525676872179e-01
4.963038647327792097e-01
6.831292654739985482e-01
3.074432291209006074e-01
3.887638452473798911e-01
3.951874422836985645e-01
3.323441682639013961e-01
4.530308635763037328e-01
4.577423539547593179e-01
4.449735056800542266e-01
4.763375633100551676e-01
4.899074162129618548e-01
3.549333188839420283e-01
4.421228821825877175e-01
3.573958873909543477e-01
4.324844162021964089e-01
4.121488018210426318e-01
4.005981946867658294e-01
4.503646108128654957e-01
4.699492756778980707e-01
5.447918350964170431e-01
3.953339366138144961e-01
2.467208815924606669e-01
3.933587227949742471e-01
4.586087708725295475e-01
3.018775382138257912e-01
2.382667969729417023e-01
6.431841083926960190e-01
3.893896421425123155e-01
3.204141621840493337e-01
3.969921884914985877e-01
3.196253410384754523e-01
3.821657851246537119e-01
4.685808361030885383e-01
3.652538185880706001e-01
5.541964664401803908e-01
5.367815017607738826e-01
5.374384327016290541e-01
4.282294342410685184e-01
2.065139209870157089e-01
4.587948493492980395e-01
5.978107840766663239e-01
4.252778251847915691e-01
4.166672595288559156e-01
4.608832847565959567e-01
5.285276027605865234e-01
3.530370367072208637e-01
4.829876242814463705e-01
5.044558507110057377e-01
4.862081854625888711e-01
4.760007816509215228e-01
4.420499438577344398e-01
4.963364793555366528e-01
4.662575916639125628e-01
3.516229610767827030e-01
4.988439991432513376e-01
5.778899725042794255e-01
7.054318343850563000e-01
4.052338524828922872e-01
5.413575211100694062e-01
5.897885746967583831e-01
3.990995020116496761e-01
7.312051284767522308e-01
4.810915165935600868e-01
7.207160788367258375e-01
4.954391193331175725e-01
7.382244204364822870e-01
5.035233519409072489e-01
6.015023052095771483e-01
5.411995652584649097e-01
3.263850998174537277e-01
4.237811528848628995e-01
4.946205377722402430e-01
4.161906801621879648e-01
6.574217062886056340e-01
5.568949032134794530e-01
4.601549196177031620e-01
6.167850092121919259e-01
3.574956324370340277e-01
5.006061506215476742e-01
4.985864045809668132e-01
3.828324117030890150e-01
5.738280679885648938e-01
7.801522100139035576e-01
4.928594280621097501e-01
5.039048547852330584e-01
5.896405744075500222e-01
5.232181906303513541e-01
6.698865804347385877e-01
5.529749123456173532e-01
4.048399133555550256e-01
5.252686330011842042e-01
4.401234102966039008e-01
4.287384750857807791e-01
4.496920803892606178e-01
3.691688659739569278e-01
5.094522420091573967e-01
6.493427727523032322e-01
4.779772445931653735e-01
5.848891784987368947e-01
4.834944955570378289e-01
4.371958746365515180e-01
4.466205260454051973e-01
4.283330531304990196e-01
3.875752185697728947e-01
4.885753754858787601e-01
5.100439086631843866e-01
6.819355018083612663e-01
4.833890322883641621e-01
3.543752437626782048e-01
2.978488968466505571e-01
4.341715480210918132e-01
4.211063195428384476e-01
6.511002885644574523e-01
3.758276746282587788e-01
5.093773206977337820e-01
5.026866908345908325e-01
5.626098381508887192e-01
3.492093677942162411e-01
5.910190366886323154e-01
4.140507618907459109e-01
6.029876774129903083e-01
5.475257500183768888e-01
3.621595655562251381e-01
5.550102659059719112e-01
6.917594868937982922e-01
5.168132520578445632e-01
4.360344384477548019e-01
4.065616400791355334e-01
4.336401413151536044e-01
4.568554558936715471e-01
4.084058901987859813e-01
3.857416026494085437e-01
4.976845982769121379e-01
5.508442088964889960e-01
4.878806269962762121e-01
2.861646909735875988e-01
3.285293136885503174e-01
4.155957136852161393e-01
6.936196099315504737e-01
4.229436057947090211e-01
6.048361938697367490e-01
3.264964330226892697e-01
3.688675413629021738e-01
5.081422552638911183e-01
3.781334781233197662e-01
5.410262093099078573e-01
7.595970881738197678e-01
4.767806176536316665e-01
1.793992850953799734e-01
5.692246316465475742e-01
4.346410585761665279e-01
6.812309417454994742e-01
3.817780931681212797e-01
4.783368396133308442e-01
2.961716656867202646e-01
3.132759281753734748e-01
7.092495306278839839e-01
3.220117686375122412e-01
4.279409010581641248e-01
3.583726181126685173e-01
2.290997930010038597e-01
4.046676057091047052e-01
3.196726708711057352e-01
6.180432567143233635e-01
5.059085211615040878e-01
4.496857369288180251e-01
3.121941797052922296e-01
6.014688341121996462e-01
6.062238705701465946e-01
3.678813338685642531e-01
5.378709239003834908e-01
6.862745168882267155e-01
6.907290890197632649e-01
3.101603534886188118e-01
2.503736007220397908e-01
4.683630012129247344e-01
3.495032226757266991e-01
4.965746753330590457e-01
3.464762507630472776e-01
1.448684235251409269e-01
3.666473216797868084e-01
3.607399342392592079e-01
3.925350577118915107e-01
3.833381201133781446e-01
3.520245663532398650e-01
4.799693663609556626e-01
3.160254346900230327e-01
3.444251380445657040e-01
5.745759878937587439e-01
5.829351106275877381e-01
6.960573710210092857e-01
6.723947677933440614e-01
5.208848927690155062e-01
6.267709704613010357e-01
5.214825875676609712e-01
4.652518483814019890e-01
6.240523822289519851e-01
5.386414352873531985e-01
4.498445307292232576e-01
4.573219588006009473e-01
4.808295106651238604e-01
3.620229514791745151e-01
3.665600364210936934e-01
4.883992196807600550e-01
5.098947519244527715e-01
2.924628918232712871e-01
4.608051399461451370e-01
7.928004354299970080e-01
3.026217920766209324e-01
4.652767155032287438e-01
4.813213482722564218e-01
3.884235530644041257e-01
3.409877633647329653e-01
2.341214532702779183e-01
5.589861440149070937e-01
3.587515583044607603e-01
4.278709785457740500e-01
5.108180686917209723e-01
3.458005561210190648e-01
4.523838675107614837e-01
3.939728980962456384e-01
5.436034025574943973e-01
6.386176244301238203e-01
6.864667640885729893e-01
2.486580380993149153e-01
4.825217028451748713e-01
7.591335917812228606e-01
4.762296416668494459e-01
3.685172877226827737e-01
6.293517583360723755e-01
6.027722759314374512e-01
5.333645139016683911e-01
5.632952759137401788e-01
6.322076395069907706e-01
5.039859214156899858e-01
7.281048366575427755e-01
4.734260113180951968e-01
7.371823235047626488e-01
6.682747704056630766e-01
7.461105529566057770e-01
3.736414404597795391e-01
4.469882270646505229e-01
4.356187861560848473e-01
4.421379983101066946e-01
4.462078160315333664e-01
5.434717564261508649e-01
4.301524761510014394e-01
4.250710703327962303e-01
5.693668842942612995e-01
2.956366546904627413e-01
5.129950572479331505e-01
5.361250164098595450e-01
5.045682934402603292e-01
4.484335288778593109e-01
6.419578957443632383e-01
4.054821536470006316e-01
6.954157094917839954e-01
7.231802855050546430e-01
7.614772737386575896e-01
2.950196489458712379e-01
7.327570793434590168e-01
6.253125455982476710e-01
4.195918469126576067e-01
3.812247249626222190e-01
7.005977607485041059e-01
5.418017788043052452e-01
2.916005650732534371e-01
6.562857975794765819e-01
7.328081401416557394e-01
3.607249093345177848e-01
3.463170779271045330e-01
6.414158838887581426e-01
6.596902686487151612e-01
6.997887129833733066e-01
5.811546931770495972e-01
4.037243474961463297e-01
5.891776597901208223e-01
7.880470922741433792e-01
5.851006886365435200e-01
5.863431967753781615e-01
4.001183352340427768e-01
4.875842436098550836e-01
7.645780489849395289e-01
3.420576676088272761e-01
8.300468318349095709e-01
4.958383887320552130e-01
5.882814315562504559e-01
7.253947338542882095e-01
2.311101056077764226e-01
5.586716345648045090e-01
6.968768454993086170e-01
7.544879599512734902e-01
7.722286622611563844e-01
3.710117155989535731e-01
5.502186500107610900e-01
7.469901488188411820e-01
5.531351201353676972e-01
7.448348305595378083e-01
3.406123553765543210e-01
8.027555836589791438e-01
4.119277516439500686e-01
4.495211901215042660e-01
4.469817334071975456e-01
6.343171262860659576e-01
7.071716426178554782e-01
5.644010273930556432e-01
7.762483071948579338e-01
4.191970696435525223e-01
2.975179774260747756e-01
7.630040266432515095e-01
6.804210906568038952e-01
5.287300303955083658e-01
1.560867424058402231e-01
3.736781043665993729e-01
5.822600101944556128e-01
5.701012914507926910e-01
7.799978876234873182e-01
7.370016926068417851e-01
4.412110015360960480e-01
3.183069643876904053e-01
5.907801714246244673e-01
5.770236981375072016e-01
2.040803805566330231e-01
5.539316731069219291e-01
7.635358930605644634e-01
4.841404053062896562e-01
5.564789354620260919e-01
7.322293224435842962e-01
5.870434677592906159e-01
