3.330490485360570463e-01
8.698895777066275592e-01
3.956507848766494528e-01
3.505906757525136808e-01
4.904576849074101519e-01
3.019930746388101994e-01
3.153412510841872574e-01
4.565354239991404883e-01
6.071643808881838078e-01
6.504902705365568361e-01
3.477798842723667239e-01
5.501607733392011035e-01
4.658907845992815711e-01
1.584339623477795111e-01
5.975673755603130299e-01
1.528564598823339282e-01
4.012654398810654444e-01
4.839128030151880200e-01
4.890296683051715276e-01
5.803892765750229277e-01
5.580532266590290114e-01
3.999307422345219076e-01
4.546414298384540698e-01
9.772138222578494182e-02
4.597093298079359402e-01
5.238720381549545335e-01
5.855910280745588725e-01
8.337885100529581761e-01
1.024206487721884967e-01
2.535836165803609932e-01
8.052958296688331741e-01
2.403053997865711999e-01
4.092994069321804207e-01
1.765869163854199286e-01
6.642125177947078019e-01
2.509464993225698493e-01
5.087152222731297080e-01
8.526785813386205878e-03
1.972493165018056605e-01
4.700271093525573152e-01
2.582405938933691192e-01
1.902757106893551153e-01
2.937376500905673482e-01
6.191535052442989073e-01
3.706018682711507140e-01
7.652738029792581498e-02
1.579627011040836138e-01
4.033948967392970708e-01
3.880545287982165581e-01
1.024206487721884967e-01
4.507337109253383711e-01
2.161051088046684887e-01
8.882054200965432411e-01
8.387418736386038909e-02
2.521546000498338658e-01
4.154944503653186239e-01
4.677214506311799802e-01
5.391831145308455947e-02
4.216395939191373565e-01
4.405655346208263712e-01
4.640477371758394143e-01
3.879429638418195880e-01
4.950350027897597593e-01
5.863667365280219590e-01
1.840797530919305591e-01
2.966747434859517973e-01
8.229921713114231319e-02
2.694294811881141061e-01
2.415057023577580064e-01
2.119361208649517825e-01
1.049623262659967436e-02
4.154944503653186239e-01
2.950897953433517240e-01
2.894732748060479532e-01
6.621039069089725837e-01
3.999107184851293240e-01
4.347988238773984326e-01
4.221813589848141257e-01
5.117209722881060907e-01
8.835265586254029135e-02
4.951432043367766100e-01
2.390434695599769621e-01
3.810312109866541008e-01
6.052669217853415828e-01
4.029368356198425039e-01
5.579689605660111962e-01
5.189211605035670694e-01
5.885117556929005990e-03
6.549377020244785408e-01
3.811735897240656895e-02
4.154944503653186239e-01
5.003891166274343494e-01
1.555093768592000769e-01
5.850114709237335120e-01
2.934821527486569659e-01
6.234103872418216286e-01
4.733294028688540545e-01
5.482520441946928669e-01
2.278798332641662761e-01
1.355375998044051032e-02
8.765048105564716696e-01
7.336735144435980738e-01
5.787136347742963816e-01
7.406420119737550101e-01
6.039168722465512174e-01
7.383894279854179565e-01
9.838768646402821227e-01
9.950777834031019342e-01
1.477529785189163059e-01
1.976209053110216107e-01
4.722530071821076647e-01
2.874416947061878558e-01
8.656860880933179292e-01
4.839058466800251757e-01
8.513266618598336333e-01
5.023677766541706502e-01
7.201000491910489743e-01
9.995780582710006579e-01
6.736897934290185797e-01
5.548228781664577003e-01
3.568294026613191283e-01
6.991916661016670531e-01
9.193440434501671810e-01
9.993782983373481477e-01
9.344995178219589471e-01
9.849946180959386899e-01
4.107675673540843730e-01
8.540543134048133034e-01
9.535304874134082898e-01
5.757650598367868300e-01
8.496768486483623484e-01
5.657628930023872460e-01
6.183555861485228178e-01
9.305080738026464404e-01
5.110205340941202934e-01
4.883093988096204319e-01
3.649967556275510727e-01
8.921422975075995465e-01
1.840967419323741860e-01
6.696090093158155732e-01
9.858356696398594687e-01
3.957316004027479073e-01
5.288902621363832379e-01
9.278289448776710913e-01
5.432241452906237944e-01
5.266574944309252437e-01
3.300401251245380640e-01
2.818009709885140879e-01
8.614324043609102866e-01
7.085542031317484390e-01
9.536265346801803267e-01
7.050775096587056368e-01
5.090156776064066468e-01
3.895053605946475206e-01
4.036593128622441018e-01
6.235490104095285924e-01
9.767183349505585976e-01
2.036582884712749009e-01
5.773564373496592461e-01
7.406362643222401676e-01
4.009415072767960053e-01
5.895502240793526472e-01
6.931606070722533541e-01
7.370116821355389147e-01
9.053656192908835498e-01
6.118997244545346659e-01
8.067790279799887943e-01
4.733380321543636526e-01
6.999360383269606078e-01
4.488670741645298667e-01
5.949558021914166384e-01
3.040091366671598405e-01
6.344970751884840832e-01
4.086652797763928313e-01
6.147053356802909541e-01
7.780765451580837766e-01
5.544114665116209872e-01
6.527902925625208574e-01
5.913479452341074971e-01
4.661866202980675111e-01
7.983828945081610229e-01
2.891059477426706215e-01
9.076623869870408257e-01
9.704977094027358309e-01
7.030792362041531351e-01
9.556946029066316628e-01
9.555137712083786594e-01
7.566481139947695000e-01
4.850044421563553532e-01
7.804655670192541805e-01
9.990075996117526724e-01
4.695170531510591272e-01
4.765358634923060333e-01
9.918088889606911929e-01
6.731795780447816790e-01
7.347580808906298833e-01
5.252381573710367402e-01
3.616001600744733202e-01
4.643663486096016313e-01
6.219799484760685226e-01
4.185369165914551437e-01
2.264020091251773836e-01
1.529386384501135732e-01
4.554473978968758274e-01
4.024653152465836325e-01
1.963452251010317506e-01
7.967913608330851050e-02
1.942285378346738089e-01
2.382751562017993707e-01
7.438781915847132442e-01
2.208864050166305937e-01
4.483093724377530398e-01
3.192806656175636859e-01
4.522063349832510792e-01
2.788023834945628221e-01
3.708196865041107348e-01
2.170426571449873276e-01
4.764139513333882081e-01
5.556152894746475557e-01
3.568806792668037797e-01
4.980590741678366240e-01
1.298872116287745904e-01
3.644096309054173921e-01
3.203410442433953231e-01
3.248959202331759277e-01
1.509628517477710485e-01
3.462374397649759517e-01
4.546355869358802426e-01
7.689025662810358153e-01
5.477964418446333861e-01
2.563407219632566347e-01
5.719197609050913345e-01
4.535688235067637519e-01
3.411192332803341665e-01
5.302018234032821464e-01
1.879077787968683466e-01
1.358380190008766641e-01
5.851689152802033167e-01
5.601158710155448306e-01
4.528410294976657480e-01
3.381880107286334147e-01
4.156451364026199080e-01
5.488812572041323889e-01
2.988968190350954068e-01
5.184619640637151416e-01
3.365420979940713653e-01
2.676820424155535449e-01
4.136807282731205238e-01
3.096052625945984738e-01
3.244921335940943452e-01
5.042610868002941338e-01
5.358299914961082155e-01
5.534201504680590356e-01
2.410531230016655369e-01
5.874470274209663279e-01
3.351036056212783887e-01
5.755188214420206005e-01
4.003294241965016376e-01
4.959766416701721359e-01
3.782681139482046984e-01
6.505614074066833341e-01
2.653962983607885406e-01
1.283704551807549887e-01
1.924050727887115508e-01
2.887741832758789484e-01
3.293871177175263232e-01
2.151481505942668682e-01
4.518961514654222800e-01
5.478070310669579113e-02
2.717969145825951394e-01
2.615072075447247291e-01
4.020788351749960965e-01
6.295702310638511268e-01
4.300082528786269842e-01
5.280686590759838817e-01
4.697917699678237358e-01
4.108596548680887306e-01
3.742679816592285325e-01
4.806459290578684040e-01
2.822375452002959251e-01
2.290576193602300303e-01
7.492146602893353657e-01
5.733204286700349650e-01
4.886523603417504691e-01
2.856316029031249482e-01
3.566234520515681461e-01
4.325920406922600381e-01
4.256323302071314263e-01
2.790206653830895611e-01
4.655682100071541485e-01
4.723555067941481722e-01
3.965966278539004852e-01
1.507471693977895932e-01
2.279552481796004448e-01
4.251603258752937320e-01
1.381161655699468353e-02
1.486546319384353110e-01
7.441697986286760491e-01
2.456774526501066258e-01
1.829024285275439865e-01
3.800783157517525490e-01
3.816340362542908204e-01
5.819235723263339599e-01
5.686043251007883992e-01
4.180203601352561749e-01
6.264119764974649396e-01
5.395536232819616584e-01
7.523830201960332031e-01
4.075793343661500145e-01
1.829322599693594675e-01
5.161549330628725230e-01
7.689025662810358153e-01
3.818822905347919461e-01
2.548623336411329210e-01
6.944685992900905269e-01
5.848487429928697079e-01
4.167545505044265020e-01
9.400383521561292977e-01
4.802841477774537071e-01
7.764238229721800444e-01
8.650822559958984970e-01
5.702855743319907855e-01
4.154731163374897895e-01
4.511652503666838121e-01
1.902334835714274142e-01
4.641162999452191351e-01
8.536208897128186868e-01
6.375699245751884625e-01
6.644406684047663436e-01
5.690935677851528540e-01
6.299291805194160432e-01
4.852708895460023375e-01
5.034174111132709850e-01
4.679888037143754009e-01
6.134914029139182379e-01
5.481944651679145908e-01
7.788302537475935150e-01
4.954956528647165293e-01
4.531226716908007823e-01
6.411655255862848124e-01
3.694637167742179651e-01
3.095805273019966442e-01
5.061397481278775423e-01
3.028964493083952658e-01
9.252810578049371903e-01
6.156153114036347906e-01
6.037660663477095735e-01
6.507036305213551586e-01
4.864757489604090712e-01
5.824932364759431991e-01
4.859291541338811027e-01
4.571972911004444917e-01
6.654100299387207818e-01
7.087280851623968259e-01
4.436063607472372494e-01
4.733275905215317825e-01
7.380006027800900537e-01
5.503021423940910317e-01
9.419190706341111774e-01
6.287080802169999760e-01
4.338226514824122804e-01
5.972409930790056887e-01
5.009648953220871004e-01
3.931268082481214621e-01
4.846012448609374745e-01
3.160941429002798175e-01
4.308547288133872111e-01
7.367045650651642408e-01
4.257734027119061126e-01
5.111200289882309455e-01
4.939492417464469987e-01
5.524356362497827577e-01
6.518779144776177814e-01
6.029473080594863754e-01
4.056341339098808452e-01
3.863588390207124412e-01
6.150701376363488793e-01
6.910056796561784287e-01
4.658597884987949467e-01
4.931057696144839353e-01
1.823840227342450326e-01
4.125682557073674372e-01
3.802779254598525616e-01
8.969966261968903565e-01
3.588694757473104846e-01
6.811217917349010609e-01
4.723051347788152499e-01
4.108495834899243970e-01
4.252406407777344355e-01
7.564527020333022822e-01
5.991876929952412167e-01
3.843591936954949273e-01
5.658130313755644902e-01
3.089137483732655176e-01
5.194575770743451448e-01
6.886921845026656719e-01
3.650283237716986373e-01
4.199437198125489101e-01
5.474673048145675125e-01
4.161618967320807050e-01
2.470845821322334990e-01
4.555306459484305681e-01
3.016137851411430093e-01
4.334034133482737583e-01
5.485640327764165214e-01
4.372275303448920902e-01
1.319091916587130930e-01
3.128233433936233321e-01
3.380545584197531817e-01
5.361251186288462645e-01
5.833809581093918339e-01
2.730618860040305851e-01
3.749612562208263777e-01
2.984499639097337731e-01
5.935898153544598710e-01
3.434064190743904565e-01
4.507337109253383711e-01
5.172195465466357112e-01
3.806158632482947723e-01
1.590452841133261630e-01
3.266690946623588832e-01
3.915168688591255663e-01
2.726901461723429398e-01
3.148797820880958054e-01
3.068418640350765725e-01
3.846504334377615630e-01
3.134610388484165289e-01
5.984559907891284780e-01
2.982277765453476004e-01
4.104655804100875161e-01
2.271314173473320541e-01
6.690815039571561262e-02
8.381713848408804679e-02
5.775624112686126299e-01
6.716758407963180355e-01
3.449481248224883223e-01
2.918794870621614357e-01
3.443463972150770935e-01
3.539992541451331132e-01
1.675530937181907154e-01
3.472368701958588599e-01
4.403393624397071715e-01
3.548758204526530347e-01
4.496435209407644296e-01
2.879309113765790018e-01
1.146182251305186278e-01
6.988965352207413551e-01
2.145553797065002932e-01
6.079781361320700794e-01
3.531736093089197781e-01
8.481942078811570418e-02
1.410082493150089378e-01
6.404217033692279903e-01
3.425850406750536870e-01
3.783734606445643411e-01
5.265231092583761985e-01
4.378388825268156870e-01
3.955944196143766911e-01
5.010597087351595924e-01
6.936518992883100587e-01
3.376300505116676121e-01
2.788129604381146542e-01
5.210914980962134679e-01
7.091434162213634540e-01
6.808728597932268700e-01
3.238733151199351679e-01
4.653271619012189220e-01
6.722740901475176001e-01
4.950350027897597593e-01
5.958330871345555169e-01
5.098547913773283646e-01
5.509321062384633372e-01
3.586303117061074852e-01
2.858364013254564018e-01
1.392063876812899836e-01
4.301074113817778821e-01
2.550442715664048565e-01
5.536078298198479075e-01
3.210360051053897656e-01
3.552902586787540229e-01
4.933927208091044014e-01
4.458498741588132752e-01
4.013237194366093830e-01
4.152423963572469123e-01
2.606215514106820230e-02
4.578593644216423786e-01
9.850867827559590950e-02
2.585180129375649338e-01
5.549381326783986434e-01
3.855057616670593545e-01
2.545208250089631696e-01
4.565360404221224799e-01
2.466401189822636508e-01
3.565921505835953353e-01
3.821426486410204326e-01
1.238629994504497067e-01
3.677892257191571201e-01
4.409665832142256603e-01
6.759844416658816746e-01
2.990468898066281911e-01
8.984885896350665035e-01
7.914420446392906872e-01
9.159192210204404327e-01
5.195069181990624729e-01
6.421595935039376979e-01
6.214575684859252602e-01
9.635676168745501702e-01
4.947572197212743994e-01
7.953136526911108728e-01
5.040737024957542278e-01
6.905590895730119305e-01
5.096393144477792125e-01
4.721630320661616143e-01
5.267333741026549720e-01
5.250321878413796162e-01
6.997406575471364354e-01
7.303439531532208706e-01
6.108469914789302901e-01
5.900390715497892957e-01
8.335376835796262096e-01
5.406225847346191049e-01
4.959423017466199624e-01
5.476557852003354210e-01
3.830212544770530969e-01
5.745491449766779724e-01
6.856692734818365942e-01
4.923329941644146168e-01
6.097850376498757941e-01
6.396292809901542586e-01
9.992567392332581955e-01
3.709969858362076045e-01
9.993018786858933744e-01
3.912094830515004951e-01
5.403079225309843636e-01
5.069558791880550697e-01
3.633743493274455560e-01
6.206380859842076658e-01
1.862052909952957302e-01
7.894581243465537135e-01
6.222640012095731477e-01
2.416618555497794529e-01
6.114390669877569628e-01
8.646039684873244591e-01
9.324430461354217270e-01
8.670686662475951545e-01
4.665957599500207276e-01
2.987091374547155009e-01
4.849993453941303101e-01
9.938827538027229513e-01
7.455177487370294731e-01
6.007715917365272773e-01
3.038121383691118060e-01
5.691539639729067401e-01
8.709370776457487917e-01
5.590897443826874369e-01
9.999995215425976358e-01
4.509705364453670540e-01
6.003618096600940035e-01
5.435908306697988523e-01
5.437437817849483102e-02
4.457697890816813557e-01
6.950140343126219866e-01
7.704497477719408627e-01
8.445283264817172730e-01
3.826815721144901095e-01
3.965456756377517267e-01
5.818038760652565200e-01
8.246313306381470865e-01
9.292949664294558598e-01
4.122965024977653936e-01
9.778226243579047905e-01
5.349104654528130665e-01
3.512389978939127744e-01
4.235325988004468578e-01
7.512971444244507246e-01
7.286411885700018187e-01
6.635556278046249590e-01
9.557867301743986355e-01
5.379277934821882212e-01
4.093595103553029912e-01
8.900004872490535623e-01
4.467626902390495758e-01
6.846332677763354857e-01
3.219719677376881722e-02
3.651196244521300316e-01
5.082966967543376402e-01
9.115608480797959823e-01
9.924350436011760701e-01
8.521645653626273020e-01
4.138542824325577851e-01
4.138169882196991445e-01
6.147689939317224628e-01
5.424711409506645099e-01
7.190857039037323872e-02
8.046448578007033836e-01
7.132446562007674906e-01
6.188646520623877212e-01
7.442368732594367708e-01
9.902286732128968705e-01
3.465457235014524073e-01
