3.443353176116943359e-01
8.464869856834411621e-01
7.659814357757568359e-01
1.204155012965202332e-01
5.416762232780456543e-01
5.206698179244995117e-01
2.099587917327880859e-01
6.880939602851867676e-01
2.994662523269653320e-01
3.147097826004028320e-01
3.056701421737670898e-01
8.773007988929748535e-01
6.538746953010559082e-01
3.527343869209289551e-01
5.797940492630004883e-01
5.367588251829147339e-02
1.807227283716201782e-01
5.299409627914428711e-01
3.650022745132446289e-01
8.807262182235717773e-01
3.082070350646972656e-01
2.084763050079345703e-01
7.047353386878967285e-01
1.499983519315719604e-01
5.647247433662414551e-01
4.570859670639038086e-01
8.398370146751403809e-01
8.868464827537536621e-01
2.186676114797592163e-01
5.984890460968017578e-01
5.092179775238037109e-01
5.919843912124633789e-01
2.481299638748168945e-01
1.671077311038970947e-01
7.822714447975158691e-01
7.364280521869659424e-02
6.274207234382629395e-01
2.729052305221557617e-02
3.918839395046234131e-01
6.511570215225219727e-01
1.466076523065567017e-01
4.660425782203674316e-01
1.949969232082366943e-01
8.375858068466186523e-01
3.030959069728851318e-01
8.741268515586853027e-01
1.396407634019851685e-01
6.908898949623107910e-01
8.929559588432312012e-01
2.186676114797592163e-01
5.706444978713989258e-01
3.397113680839538574e-01
9.517345428466796875e-01
7.786162942647933960e-02
2.815294563770294189e-01
4.566365480422973633e-01
1.571189314126968384e-01
1.366117298603057861e-01
4.838257730007171631e-01
5.533815026283264160e-01
5.867483019828796387e-01
3.242071568965911865e-01
8.820887804031372070e-01
9.307866692543029785e-01
2.005700320005416870e-01
9.076802134513854980e-01
4.228186979889869690e-02
5.774836540222167969e-01
9.598603099584579468e-02
1.645915359258651733e-01
2.881092764437198639e-02
4.566365480422973633e-01
5.599424839019775391e-01
3.915908634662628174e-01
4.784818589687347412e-01
9.701930284500122070e-01
6.053169369697570801e-01
5.023787021636962891e-01
5.620426535606384277e-01
3.111742138862609863e-01
5.467614531517028809e-01
2.444134801626205444e-01
1.758259385824203491e-01
3.982996344566345215e-01
5.883497595787048340e-01
2.867130637168884277e-01
4.320879876613616943e-01
2.127558737993240356e-02
5.852941870689392090e-01
1.648815870285034180e-01
4.566365480422973633e-01
2.729355394840240479e-01
1.672731786966323853e-01
2.762741148471832275e-01
7.392789423465728760e-02
6.366351842880249023e-01
5.244282484054565430e-01
6.945269703865051270e-01
1.833685040473937988e-01
7.960376143455505371e-02
7.238830924034118652e-01
2.910540401935577393e-01
8.840723633766174316e-01
5.853721499443054199e-01
5.755821466445922852e-01
6.856422424316406250e-01
9.511825442314147949e-01
9.511561989784240723e-01
9.816232323646545410e-02
9.427095204591751099e-02
6.949399113655090332e-01
2.283459901809692383e-01
8.707538247108459473e-01
8.440267443656921387e-01
7.840539216995239258e-01
4.956445097923278809e-01
3.847020268440246582e-01
9.609031081199645996e-01
5.131025314331054688e-01
3.783335536718368530e-02
4.573408961296081543e-01
6.731786131858825684e-01
9.302326440811157227e-01
9.942558407783508301e-01
5.580204725265502930e-01
9.272528290748596191e-01
1.136496514081954956e-01
4.599944651126861572e-01
9.559695720672607422e-01
7.336516380310058594e-01
7.752839922904968262e-01
5.945437550544738770e-01
4.589688777923583984e-01
8.689473867416381836e-01
2.036273181438446045e-01
7.149584889411926270e-01
3.674896955490112305e-01
7.995626330375671387e-01
4.260546565055847168e-01
7.931992411613464355e-01
9.480511546134948730e-01
1.576896756887435913e-01
6.117238402366638184e-01
9.503272771835327148e-01
3.424630165100097656e-01
4.840296804904937744e-01
4.142161905765533447e-01
2.618693709373474121e-01
8.135057687759399414e-01
8.632813692092895508e-01
9.565273523330688477e-01
7.776209712028503418e-01
5.797926783561706543e-01
2.497701346874237061e-01
8.647841811180114746e-01
1.495362669229507446e-01
9.207487702369689941e-01
5.547476410865783691e-01
4.999933242797851562e-01
5.199789404869079590e-01
4.988146126270294189e-01
6.167103052139282227e-01
6.622193455696105957e-01
8.255942463874816895e-01
9.174783229827880859e-01
7.794132828712463379e-01
9.428464770317077637e-01
3.258352875709533691e-01
6.580814719200134277e-01
1.792933046817779541e-01
5.383267998695373535e-01
6.504821181297302246e-01
9.156750440597534180e-01
2.872971594333648682e-01
6.579599976539611816e-01
7.355152368545532227e-01
7.153739333152770996e-01
4.733971059322357178e-01
6.161452531814575195e-01
5.215416550636291504e-01
9.681733250617980957e-01
2.275805026292800903e-01
8.202896118164062500e-01
9.454798102378845215e-01
7.463410496711730957e-01
8.505143523216247559e-01
9.485086798667907715e-01
7.076154947280883789e-01
4.348036646842956543e-01
5.545606613159179688e-01
9.917151331901550293e-01
3.084731400012969971e-01
5.525633096694946289e-01
9.656804203987121582e-01
5.234379172325134277e-01
7.032128572463989258e-01
7.747409939765930176e-01
5.562077760696411133e-01
3.039634525775909424e-01
5.599398016929626465e-01
5.868282914161682129e-01
1.297498345375061035e-01
1.104300916194915771e-01
7.966547608375549316e-01
6.687491536140441895e-01
3.973195552825927734e-01
1.208997368812561035e-01
4.365887641906738281e-01
2.304205596446990967e-01
3.347457945346832275e-01
7.341826558113098145e-01
2.840990424156188965e-01
2.575273811817169189e-01
5.646870732307434082e-01
4.540897011756896973e-01
8.323047310113906860e-02
3.184044063091278076e-01
1.196955889463424683e-01
7.835538387298583984e-01
3.680877983570098877e-01
6.096295118331909180e-01
3.777992352843284607e-02
7.307662963867187500e-01
5.289559364318847656e-01
5.075351595878601074e-01
1.919158995151519775e-01
5.629520416259765625e-01
3.438149988651275635e-01
9.080894589424133301e-01
5.605905055999755859e-01
4.709773659706115723e-01
7.849583625793457031e-01
5.771055817604064941e-01
5.124161243438720703e-01
3.925455808639526367e-01
9.679615497589111328e-02
6.568574309349060059e-01
1.833528429269790649e-01
6.347310543060302734e-01
4.825930595397949219e-01
6.789859533309936523e-01
9.093425422906875610e-02
6.303043365478515625e-01
8.652549982070922852e-02
9.988585859537124634e-02
4.564276039600372314e-01
4.048706889152526855e-01
4.162585139274597168e-01
1.694233715534210205e-01
7.404661774635314941e-01
5.868765711784362793e-01
3.338404744863510132e-02
4.231038689613342285e-01
7.850515842437744141e-01
5.497940182685852051e-01
1.651466935873031616e-01
3.022069633007049561e-01
6.188366413116455078e-01
3.571321964263916016e-01
4.179590940475463867e-01
6.956461071968078613e-02
8.164276182651519775e-02
4.936751723289489746e-02
1.595958769321441650e-01
5.025033354759216309e-01
3.182821571826934814e-01
4.172477871179580688e-02
7.558441758155822754e-01
8.279161900281906128e-02
4.694774448871612549e-01
2.337052226066589355e-01
6.131948828697204590e-01
8.912593722343444824e-01
1.641053259372711182e-01
4.992372095584869385e-01
2.095841318368911743e-01
3.476735949516296387e-02
4.588245153427124023e-01
2.942977547645568848e-01
1.279887259006500244e-01
4.635247588157653809e-01
7.804569005966186523e-01
9.709949046373367310e-02
3.317138850688934326e-01
3.440169394016265869e-01
6.269569396972656250e-01
4.626029133796691895e-01
1.207932382822036743e-01
5.595321059226989746e-01
4.047801494598388672e-01
6.204637885093688965e-01
2.945978045463562012e-01
7.333725690841674805e-02
2.802500724792480469e-01
6.401881575584411621e-01
2.042607665061950684e-01
5.201578736305236816e-01
7.616662383079528809e-01
7.346025109291076660e-02
1.531986743211746216e-01
3.567405343055725098e-01
3.665653169155120850e-01
2.639140784740447998e-01
8.346456885337829590e-01
5.668306350708007812e-01
7.626287341117858887e-01
6.112446784973144531e-01
8.113139271736145020e-01
2.852888107299804688e-01
8.919148147106170654e-02
7.481752038002014160e-01
9.080894589424133301e-01
7.600631713867187500e-01
2.542266249656677246e-01
3.266807496547698975e-01
6.751667857170104980e-01
3.741952776908874512e-01
3.383616507053375244e-01
6.293903589248657227e-01
3.191011548042297363e-01
6.125017404556274414e-01
5.994759202003479004e-01
2.366477549076080322e-01
1.216361075639724731e-01
1.809527873992919922e-01
7.944065928459167480e-01
6.941460371017456055e-01
7.909275293350219727e-01
5.281409025192260742e-01
4.089032709598541260e-01
6.619293689727783203e-01
3.432373404502868652e-01
7.125853300094604492e-01
6.302871108055114746e-01
8.723232746124267578e-01
8.217540383338928223e-01
9.127700924873352051e-01
6.399213671684265137e-01
8.403306007385253906e-01
5.990617871284484863e-01
3.316983282566070557e-01
5.209206342697143555e-01
4.490508735179901123e-01
2.269434332847595215e-01
7.873551845550537109e-01
9.503579139709472656e-01
6.860585212707519531e-01
9.495254158973693848e-01
5.244137644767761230e-01
4.165514111518859863e-01
7.763014435768127441e-01
4.268376231193542480e-01
7.100888490676879883e-01
7.229471802711486816e-01
3.487671613693237305e-01
1.079034656286239624e-01
4.080652892589569092e-01
4.758887887001037598e-01
9.378412961959838867e-01
8.626763820648193359e-01
6.782917976379394531e-01
3.559567630290985107e-01
2.165507525205612183e-01
7.327361702919006348e-01
1.811519563198089600e-01
3.850214183330535889e-01
2.359746545553207397e-01
6.630293726921081543e-01
2.320277243852615356e-01
8.062373995780944824e-01
6.687409877777099609e-01
1.566690206527709961e-01
8.524966984987258911e-02
8.267350792884826660e-01
9.035300612449645996e-01
5.606955289840698242e-01
3.924597799777984619e-01
6.444832086563110352e-01
5.604633688926696777e-01
3.657218217849731445e-01
9.491962939500808716e-02
2.081194221973419189e-01
4.817385077476501465e-01
8.773450851440429688e-01
3.987217545509338379e-01
4.019778966903686523e-01
5.650003552436828613e-01
8.750637769699096680e-01
1.702938228845596313e-01
9.300808906555175781e-01
4.132751524448394775e-01
8.133305311203002930e-01
5.812345147132873535e-01
1.596857309341430664e-01
7.360900044441223145e-01
8.203447461128234863e-01
5.798391699790954590e-01
1.206787228584289551e-01
3.241885006427764893e-01
2.202195823192596436e-01
8.415441215038299561e-02
5.239412188529968262e-01
3.416077792644500732e-01
2.241673171520233154e-01
6.833763718605041504e-01
6.109055280685424805e-01
5.617512017488479614e-02
1.595110744237899780e-01
4.887604415416717529e-01
2.762402892112731934e-01
7.046057581901550293e-01
6.720557808876037598e-01
3.259158134460449219e-01
2.357650250196456909e-01
3.794790804386138916e-01
2.812638282775878906e-01
5.706444978713989258e-01
5.456785559654235840e-01
4.789721965789794922e-01
8.314560353755950928e-02
2.539297044277191162e-01
1.908940374851226807e-01
5.640873908996582031e-01
2.374809235334396362e-01
2.602802217006683350e-01
6.848112940788269043e-01
2.611267268657684326e-01
5.001823306083679199e-01
8.805309981107711792e-02
3.501422703266143799e-01
8.636845350265502930e-01
9.279006719589233398e-02
1.766279339790344238e-01
3.987350165843963623e-01
6.803142428398132324e-01
4.510574042797088623e-01
7.563874870538711548e-02
3.243057131767272949e-01
3.881662487983703613e-01
3.305629789829254150e-01
2.001897543668746948e-01
8.704094886779785156e-01
6.784982085227966309e-01
8.488402962684631348e-01
8.110877871513366699e-02
2.724331021308898926e-01
2.799926102161407471e-01
1.719600111246109009e-01
2.459430545568466187e-01
2.610019147396087646e-01
3.260737657546997070e-02
7.367627322673797607e-02
1.770832240581512451e-01
3.776662051677703857e-01
2.946695983409881592e-01
3.162725567817687988e-01
4.398779571056365967e-01
1.064133942127227783e-01
1.539789736270904541e-01
5.963999629020690918e-01
1.118918582797050476e-01
6.114658713340759277e-01
7.298904657363891602e-01
6.837130188941955566e-01
7.776095867156982422e-01
4.970373809337615967e-01
6.176482439041137695e-01
3.746355772018432617e-01
8.820887804031372070e-01
5.968416929244995117e-01
1.184563115239143372e-01
5.242000222206115723e-01
2.906903028488159180e-01
5.925982072949409485e-02
3.642327487468719482e-01
3.267418146133422852e-01
2.831981480121612549e-01
4.023232683539390564e-02
7.442827820777893066e-01
2.585574984550476074e-01
7.676038742065429688e-01
4.853954911231994629e-01
1.846980452537536621e-01
2.000484615564346313e-01
8.152839541435241699e-02
6.635168790817260742e-01
2.568404972553253174e-01
4.934779405593872070e-01
3.007296919822692871e-01
2.265196442604064941e-01
9.141620248556137085e-02
1.456132829189300537e-01
5.220519900321960449e-01
3.777384161949157715e-01
2.940619289875030518e-01
4.554622992873191833e-02
4.395696222782135010e-01
7.013804316520690918e-01
2.200759798288345337e-01
3.395519256591796875e-01
7.336122393608093262e-01
4.663211405277252197e-01
6.644524931907653809e-01
4.752009212970733643e-01
6.193405389785766602e-01
8.523223996162414551e-01
6.861760020256042480e-01
3.477002978324890137e-01
7.197732329368591309e-01
7.684176564216613770e-01
5.087191462516784668e-01
3.651318848133087158e-01
5.988324880599975586e-01
1.381390243768692017e-01
1.810039430856704712e-01
7.366824746131896973e-01
7.107977867126464844e-01
4.244093298912048340e-01
8.575843572616577148e-01
4.261350929737091064e-01
2.990964651107788086e-01
4.992077946662902832e-01
7.340025305747985840e-01
3.974754512310028076e-01
2.589887082576751709e-01
7.126920819282531738e-01
4.013125002384185791e-01
2.047482579946517944e-01
6.130665540695190430e-01
9.641063213348388672e-01
2.259271740913391113e-01
9.801616072654724121e-01
7.038789391517639160e-01
1.727509796619415283e-01
5.814446806907653809e-01
8.728808164596557617e-01
8.676494956016540527e-01
2.595137245953083038e-02
3.995955288410186768e-01
7.443853616714477539e-01
2.407397627830505371e-01
3.818885385990142822e-01
5.387754440307617188e-01
7.456102967262268066e-01
7.065121531486511230e-01
4.323039054870605469e-01
1.216101795434951782e-01
5.577940344810485840e-01
9.764963984489440918e-01
5.470456480979919434e-01
9.252974390983581543e-01
2.764470875263214111e-01
5.126260519027709961e-01
9.486978054046630859e-01
2.523568272590637207e-01
9.974105954170227051e-01
3.211926221847534180e-01
3.498944342136383057e-01
3.624244034290313721e-01
2.288920432329177856e-02
2.462506741285324097e-01
9.095415472984313965e-01
5.969441533088684082e-01
8.943588137626647949e-01
2.718692719936370850e-01
4.548228979110717773e-01
7.617753148078918457e-01
7.184577584266662598e-01
7.850829362869262695e-01
6.464797854423522949e-01
8.330466151237487793e-01
2.328636944293975830e-01
2.006676197052001953e-01
8.231007456779479980e-01
6.024963855743408203e-01
6.561274528503417969e-01
6.920242905616760254e-01
9.775480628013610840e-01
6.053188443183898926e-01
1.627858281135559082e-01
9.616745114326477051e-01
3.896063566207885742e-01
3.763219714164733887e-01
1.291826553642749786e-02
4.208018779754638672e-01
3.491231799125671387e-01
8.450263738632202148e-01
8.802733421325683594e-01
6.942740678787231445e-01
5.879788398742675781e-01
2.029539942741394043e-01
4.703442752361297607e-01
7.816230654716491699e-01
8.873358368873596191e-02
8.381786346435546875e-01
6.800053119659423828e-01
1.501170247793197632e-01
3.008996248245239258e-01
8.942191600799560547e-01
5.891759991645812988e-01
